0.794366180896759 0.892405092716217 0.7157360315322876 0.8918808102607727 
0.767507016658783 0.856249988079071 0.6954314708709717 0.8419696092605591 
0.7470588088035583 0.8881118893623352 0.6446700692176819 0.9051895141601562 
0.7092651724815369 0.9568965435028076 0.5634517669677734 0.8510783314704895 
0.8654353618621826 0.901098906993866 0.8324872851371765 0.9625860452651978 
0.8432432413101196 0.9017341136932373 0.7918781638145447 0.9261124730110168 
0.8404494524002075 0.7540322542190552 0.9492385983467102 0.9399495124816895 
0.8507462739944458 0.8341463208198547 0.8680202960968018 0.9369992017745972 
0.8390243649482727 0.8075117468833923 0.8730964660644531 0.9375403523445129 
0.800000011920929 0.8987341523170471 0.720812201499939 0.9386739730834961 
0.8825065493583679 0.9086021780967712 0.8578680157661438 0.9594552516937256 
0.8248587846755981 0.9299362897872925 0.7411167621612549 0.9414181709289551 
0.8608924150466919 0.8913043737411499 0.8324872851371765 0.9485814571380615 
0.8657407164573669 0.7957446575164795 0.9492385983467102 0.9565821886062622 
0.7833333611488342 0.8650306463241577 0.7157360315322876 0.895913302898407 
0.8799999952316284 0.8201754093170166 0.9492385983467102 0.9581025242805481 
0.8676470518112183 0.8388625383377075 0.8984771370887756 0.9448452591896057 
0.8167539238929749 0.8432432413101196 0.7918781638145447 0.9214356541633606 
0.9146919250488281 0.8577777743339539 0.9796954393386841 0.9725579023361206 
0.9195979833602905 0.9104477763175964 0.9289340376853943 0.9703676700592041 
0.8774510025978088 0.8483412265777588 0.9086294174194336 0.9642995595932007 
0.8258426785469055 0.9245283007621765 0.7461928725242615 0.9551650285720825 
0.8296703100204468 0.9041916131973267 0.7664974331855774 0.9559508562088013 
0.9030612111091614 0.9076923131942749 0.8984771370887756 0.9653817415237427 
0.870192289352417 0.8264840245246887 0.9187816977500916 0.9521631002426147 
0.8984771370887756 0.8984771370887756 0.8984771370887756 0.96286940574646 
0.9043927788734436 0.9210526347160339 0.8883248567581177 0.9670566916465759 
0.8232043981552124 0.903030276298523 0.7563451528549194 0.8847947716712952 
0.8860759735107422 0.8838383555412292 0.8883248567581177 0.9490195512771606 
0.9051094651222229 0.8691588640213013 0.9441624283790588 0.969336986541748 
0.9014778137207031 0.8755980730056763 0.9289340376853943 0.9612589478492737 
0.8704662919044495 0.8888888955116272 0.8527919054031372 0.9463269114494324 
0.885496199131012 0.8877550959587097 0.8832487463951111 0.9582184553146362 
0.856447696685791 0.822429895401001 0.893401026725769 0.9503594636917114 
0.8626505732536316 0.8211008906364441 0.9086294174194336 0.9336880445480347 
0.861985445022583 0.8240740895271301 0.903553307056427 0.946494460105896 
0.8407310843467712 0.8655914068222046 0.817258894443512 0.9401169419288635 
0.8291457295417786 0.8208954930305481 0.8375634551048279 0.9098405838012695 
0.8295454382896423 0.9419354796409607 0.7411167621612549 0.9529361724853516 
0.9170984625816345 0.9365079402923584 0.8984771370887756 0.9722744226455688 
0.8563829660415649 0.8994413614273071 0.817258894443512 0.952240526676178 
0.8866498470306396 0.8799999952316284 0.893401026725769 0.9558607339859009 
0.910941481590271 0.9132652878761292 0.9086294174194336 0.9697364568710327 
