0.8356807231903076 0.7401247620582581 0.9595687389373779 0.8285975456237793 
0.8264462947845459 0.7352941036224365 0.9433962106704712 0.816155731678009 
0.7986577153205872 0.6826003789901733 0.9622641801834106 0.8225420117378235 
0.8179723620414734 0.7142857313156128 0.9568732976913452 0.8175143599510193 
0.8206896781921387 0.7154308557510376 0.9622641801834106 0.8240131735801697 
0.8198614120483398 0.7171717286109924 0.9568732976913452 0.793793261051178 
0.8304093480110168 0.7334710955619812 0.9568732976913452 0.8295565843582153 
0.8393285274505615 0.7559395432472229 0.9433962106704712 0.8262037038803101 
0.8375450968742371 0.7565217614173889 0.9380053877830505 0.8572954535484314 
0.8398058414459229 0.7637969255447388 0.9326145648956299 0.8330293893814087 
0.8412322402000427 0.7505285143852234 0.9568732976913452 0.8393791913986206 
0.818823516368866 0.7265135645866394 0.9380053877830505 0.8251829147338867 
0.823113203048706 0.7316561937332153 0.9407008290290833 0.8402801752090454 
0.8391777276992798 0.7609649300575256 0.9353099465370178 0.8305882215499878 
0.8295590281486511 0.7435897588729858 0.9380053877830505 0.831140398979187 
0.8351383805274963 0.7543478012084961 0.9353099465370178 0.8269956707954407 
0.8315412402153015 0.7467811107635498 0.9380053877830505 0.8358592391014099 
0.8460606336593628 0.7687224745750427 0.9407008290290833 0.8486497402191162 
0.8432563543319702 0.767699122428894 0.9353099465370178 0.8462703824043274 
0.8251748085021973 0.7268993854522705 0.9541779160499573 0.8391068577766418 
0.8504902124404907 0.7797752618789673 0.9353099465370178 0.8598237037658691 
0.7773386240005493 0.7603092789649963 0.7951482534408569 0.8331819772720337 
0.8391777276992798 0.7609649300575256 0.9353099465370178 0.8357357382774353 
0.8270142078399658 0.7378435730934143 0.9407008290290833 0.8186078667640686 
0.8094059228897095 0.7482837438583374 0.8814015984535217 0.8197993040084839 
0.8341346383094788 0.7527114748954773 0.9353099465370178 0.8351218104362488 
0.8512195348739624 0.7772828340530396 0.9407008290290833 0.8566306829452515 
0.8395657539367676 0.7598253488540649 0.9380053877830505 0.8289245963096619 
0.8412120938301086 0.7643171548843384 0.9353099465370178 0.8427648544311523 
0.8443908095359802 0.7641921639442444 0.9433962106704712 0.8253681659698486 
0.8571428656578064 0.7834821343421936 0.9460916519165039 0.847254753112793 
0.8323424458503723 0.7446808218955994 0.9433962106704712 0.837689995765686 
0.8357142806053162 0.748400866985321 0.9460916519165039 0.8471059203147888 
0.8415841460227966 0.7780320644378662 0.9164420366287231 0.8436294794082642 
0.844660222530365 0.7682119011878967 0.9380053877830505 0.8398297429084778 
0.8365384340286255 0.7548806667327881 0.9380053877830505 0.8218844532966614 
0.8498789072036743 0.7714285850524902 0.9460916519165039 0.8495397567749023 
0.8443908095359802 0.7641921639442444 0.9433962106704712 0.8533395528793335 
0.84375 0.7613883018493652 0.9460916519165039 0.8495796918869019 
0.8247663378715515 0.7278350591659546 0.9514824748039246 0.8281979560852051 
0.8379351496696472 0.7554112672805786 0.9407008290290833 0.8209290504455566 
0.8221436738967896 0.7301255464553833 0.9407008290290833 0.832916796207428 
0.8481166362762451 0.7721238732337952 0.9407008290290833 0.8564743995666504 
0.8474576473236084 0.7692307829856873 0.9433962106704712 0.8622503280639648 
0.8367103934288025 0.75 0.9460916519165039 0.8300216197967529 
0.8466257452964783 0.7770270109176636 0.9299191236495972 0.8512216806411743 
0.8436363339424133 0.7665198445320129 0.9380053877830505 0.8369235396385193 
0.8385542035102844 0.758169949054718 0.9380053877830505 0.8260729312896729 
0.8383233547210693 0.7543103694915771 0.9433962106704712 0.8419656753540039 
0.8419783115386963 0.7620087265968323 0.9407008290290833 0.8407778739929199 
