0.8310360312461853 0.8183012008666992 0.8441734313964844 0.8877289295196533 
0.8453750610351562 0.8616322875022888 0.8297199606895447 0.9007588624954224 
0.8272687196731567 0.8036627173423767 0.8523035049438477 0.8828840851783752 
0.8449246287345886 0.8420816659927368 0.8477867841720581 0.907538890838623 
0.8469203114509583 0.8492279648780823 0.8446251153945923 0.8913122415542603 
0.8442734479904175 0.8461887240409851 0.8423667550086975 0.8979278802871704 
0.8351648449897766 0.8133561611175537 0.8581752777099609 0.8795769810676575 
0.8407937288284302 0.8594339489936829 0.8229448795318604 0.9003450870513916 
0.8342618346214294 0.8581662178039551 0.8116531372070312 0.899685263633728 
0.8427121639251709 0.860980212688446 0.8252032399177551 0.9079214334487915 
0.8339857459068298 0.8506340980529785 0.8179765343666077 0.9049158096313477 
0.8294736742973328 0.8602620363235474 0.8008130192756653 0.8971368670463562 
0.8485543727874756 0.8624067306518555 0.8351399898529053 0.906869649887085 
0.8573974967002869 0.8460862040519714 0.8690153360366821 0.9160495400428772 
0.7963572144508362 0.9051178693771362 0.7109304666519165 0.9034990668296814 
0.8579815030097961 0.8577877879142761 0.8581752777099609 0.9134559631347656 
0.837837815284729 0.8817365169525146 0.7981029748916626 0.9110202789306641 
0.8489571213722229 0.8617962002754211 0.836495041847229 0.9102786183357239 
0.8707664608955383 0.8592787981033325 0.8825654983520508 0.9159917831420898 
0.8482774496078491 0.8570770025253296 0.8396567106246948 0.9063654541969299 
0.8610990643501282 0.8264119625091553 0.8988256454467773 0.9072374105453491 
0.866843044757843 0.846683919429779 0.8879855275154114 0.9084696769714355 
0.8472973108291626 0.8450134992599487 0.8495935201644897 0.9111635684967041 
0.8756998777389526 0.8685029149055481 0.8830171823501587 0.9258157014846802 
0.8666666746139526 0.8475820422172546 0.8866305351257324 0.9205951690673828 
0.849220871925354 0.861860454082489 0.8369467258453369 0.9082423448562622 
0.8662866950035095 0.8415672779083252 0.8925022482872009 0.9068148136138916 
0.8762819170951843 0.8476150035858154 0.9069557189941406 0.9047126173973083 
0.8719834685325623 0.8876930475234985 0.8568202257156372 0.9176298975944519 
0.8673740029335022 0.84935063123703 0.8861788511276245 0.9003419280052185 
0.8589125871658325 0.8727272748947144 0.8455284833908081 0.9177851676940918 
0.8423271775245667 0.7897233366966248 0.9024389982223511 0.901747465133667 
0.8728336691856384 0.8698968291282654 0.8757904171943665 0.9124712944030762 
0.8727598786354065 0.8657777905464172 0.8798554539680481 0.9258939027786255 
0.8659611940383911 0.8458225727081299 0.8870822191238403 0.915711522102356 
0.8774774670600891 0.8751122951507568 0.8798554539680481 0.9212520122528076 
0.8804728388786316 0.8542905449867249 0.9083107709884644 0.9188380837440491 
0.8816326260566711 0.8852459192276001 0.8780487775802612 0.9229878783226013 
0.8857787847518921 0.8853790760040283 0.8861788511276245 0.9265183210372925 
0.8791796565055847 0.8679577708244324 0.8906955718994141 0.9234010577201843 
0.8813937902450562 0.8718515038490295 0.891147255897522 0.9315382242202759 
0.8754528760910034 0.8778383135795593 0.8730803728103638 0.9240694046020508 
0.8724466562271118 0.8768247961997986 0.8681120276451111 0.9274216294288635 
0.8782997727394104 0.870124101638794 0.8866305351257324 0.9281902313232422 
0.8726214170455933 0.865068793296814 0.880307137966156 0.9190717935562134 
0.8740314245223999 0.8571428656578064 0.8915989398956299 0.9257054328918457 
0.8786537051200867 0.8618592619895935 0.8961156010627747 0.9263404607772827 
0.875902533531189 0.8751127123832703 0.8766937851905823 0.9206464886665344 
0.8731942176818848 0.8868188261985779 0.8599819540977478 0.9258858561515808 
0.8779707551002502 0.8885291218757629 0.8676603436470032 0.9208395481109619 
0.8482539653778076 0.7980884313583374 0.9051490426063538 0.90082186460495 
0.8590604066848755 0.8249480128288269 0.8961156010627747 0.9024158120155334 
0.8760330677032471 0.8665488362312317 0.8857271671295166 0.9224107265472412 
0.870960533618927 0.8596568703651428 0.8825654983520508 0.9214555621147156 
0.8551846146583557 0.8375920057296753 0.8735320568084717 0.9210675954818726 
0.8581867814064026 0.8678984045982361 0.8486901521682739 0.9142249226570129 
0.8852747082710266 0.8621575236320496 0.9096657633781433 0.9227316975593567 
0.8673375844955444 0.8785912990570068 0.8563685417175293 0.9263677000999451 
0.8675526976585388 0.8804650902748108 0.8550135493278503 0.9258718490600586 
0.875734269618988 0.876130223274231 0.8753387331962585 0.9244320392608643 
0.8684150576591492 0.8770151734352112 0.8599819540977478 0.9222838878631592 
0.8864485025405884 0.8627618551254272 0.9114724397659302 0.9204263687133789 
0.873069167137146 0.8655126690864563 0.8807588219642639 0.9125580787658691 
0.8693868517875671 0.8775885701179504 0.8613369464874268 0.9148975014686584 
0.8580771684646606 0.8293299674987793 0.8888888955116272 0.8905080556869507 
0.8650935292243958 0.8529411554336548 0.8775970935821533 0.9129571914672852 
0.8784753084182739 0.8722172975540161 0.8848238587379456 0.9223757982254028 
0.8798744678497314 0.8732206225395203 0.8866305351257324 0.9181773662567139 
0.8797496557235718 0.8707964420318604 0.8888888955116272 0.9177249670028687 
0.8742379546165466 0.8740406036376953 0.8744354248046875 0.9210695624351501 
0.8773520588874817 0.8807464838027954 0.8739837408065796 0.924635648727417 
0.859825074672699 0.8147998452186584 0.9101174473762512 0.9138273000717163 
0.8756130337715149 0.8644366264343262 0.8870822191238403 0.9095118045806885 
0.8827340006828308 0.873177170753479 0.8925022482872009 0.9166547060012817 
0.877041757106781 0.8810392022132874 0.8730803728103638 0.918187141418457 
0.8729760646820068 0.8816213607788086 0.8644986152648926 0.9246255159378052 
0.8763440847396851 0.8693333268165588 0.8834688067436218 0.9229913353919983 
0.869937002658844 0.8668161630630493 0.8730803728103638 0.9224779605865479 
0.8788014054298401 0.8702391386032104 0.8875339031219482 0.9134038686752319 
0.8770584464073181 0.8760703206062317 0.8780487775802612 0.9230537414550781 
