0.5620396733283997 0.9185185432434082 0.4048979580402374 0.8553775548934937 
0.6418067216873169 0.8998527526855469 0.49877551198005676 0.8957318067550659 
0.778859555721283 0.9012875556945801 0.6857143044471741 0.9154302477836609 
0.7796609997749329 0.9210233688354492 0.6759183406829834 0.9240762591362 
0.8708609342575073 0.8832913637161255 0.8587754964828491 0.9338245987892151 
0.8984811902046204 0.8801879286766052 0.9175510406494141 0.940268874168396 
0.8805544376373291 0.8794788122177124 0.8816326260566711 0.9317221641540527 
0.8453038930892944 0.9189189076423645 0.782608687877655 0.9448869824409485 
0.9100126624107361 0.9020100235939026 0.9181585907936096 0.9437373280525208 
0.8361790776252747 0.9114688038825989 0.7723785042762756 0.9453104734420776 
0.908939003944397 0.8910728693008423 0.9275362491607666 0.9427565932273865 
0.8998384475708008 0.8549501299858093 0.9497016072273254 0.9400656223297119 
0.8556612133979797 0.8676599264144897 0.8439897894859314 0.9208451509475708 
0.7998088598251343 0.9097825884819031 0.7135549783706665 0.9406560659408569 
0.8857142925262451 0.8997361660003662 0.8721227645874023 0.9414312243461609 
0.9142857193946838 0.8770555853843689 0.9548166990280151 0.9490653872489929 
0.9216249585151672 0.8884493708610535 0.9573742747306824 0.9508248567581177 
0.90377277135849 0.8988195657730103 0.9087809324264526 0.9497884511947632 
0.9239621758460999 0.8920634984970093 0.95822674036026 0.9499528408050537 
