0.8688889145851135 0.7914980053901672 0.9630541801452637 0.932593584060669 
0.8851351141929626 0.8153526782989502 0.9679803252220154 0.9565690159797668 
0.9160493612289429 0.9183168411254883 0.9137930870056152 0.9510664939880371 
0.9057043194770813 0.8587196469306946 0.9581280946731567 0.9399038553237915 
0.9077306985855103 0.9191918969154358 0.8965517282485962 0.9542697668075562 
0.9275000095367432 0.9416243433952332 0.9137930870056152 0.964479923248291 
0.9236453175544739 0.9236453175544739 0.9236453175544739 0.9601542949676514 
0.9313358068466187 0.9443038105964661 0.9187192320823669 0.9635758996009827 
0.9115815758705139 0.9219143390655518 0.9014778137207031 0.9568843841552734 
0.9191797375679016 0.9007092118263245 0.9384236335754395 0.9528440237045288 
0.9383313059806824 0.9216151833534241 0.9556650519371033 0.9709771871566772 
0.9420289993286133 0.9241706132888794 0.9605911374092102 0.9646133184432983 
0.8535178899765015 0.8026030659675598 0.9113300442695618 0.9154492616653442 
0.9364303350448608 0.9296116232872009 0.9433497786521912 0.9576610326766968 
0.9099525809288025 0.8767123222351074 0.9458128213882446 0.9581735730171204 
0.9536585211753845 0.9444444179534912 0.9630541801452637 0.9815453290939331 
0.9097222089767456 0.8580785989761353 0.9679803252220154 0.9613009095191956 
0.9181585907936096 0.9547872543334961 0.8842364549636841 0.9521311521530151 
0.9445129632949829 0.9456790089607239 0.9433497786521912 0.9648135304450989 
0.9447852969169617 0.9413203001022339 0.9482758641242981 0.9603514671325684 
0.9213483333587646 0.9341772198677063 0.9088670015335083 0.9646679162979126 
0.9208282828330994 0.9108433723449707 0.931034505367279 0.965292751789093 
0.9515738487243652 0.9357143044471741 0.9679803252220154 0.977310836315155 
0.9459459185600281 0.9436274766921997 0.9482758641242981 0.9622595310211182 
0.9362214207649231 0.9152941107749939 0.9581280946731567 0.9529532194137573 
0.9341772198677063 0.9609375 0.9088670015335083 0.9709467887878418 
0.9317365288734436 0.9067599177360535 0.9581280946731567 0.9514366388320923 
0.9384800791740417 0.9196217656135559 0.9581280946731567 0.9644858837127686 
0.9291925430297852 0.9373433589935303 0.9211822748184204 0.9707528352737427 
0.9502487778663635 0.9597989916801453 0.9408866763114929 0.9742228984832764 
0.9358024597167969 0.9381188154220581 0.9334975481033325 0.9657477736473083 
0.935757577419281 0.921241044998169 0.9507389068603516 0.9625263810157776 
0.9156938791275024 0.96712327003479 0.8694581389427185 0.9792945981025696 
0.9505428075790405 0.9314420819282532 0.9704433679580688 0.9779538512229919 
0.9388264417648315 0.9518987536430359 0.9261083602905273 0.9859617948532104 
0.8594594597816467 0.9520958065986633 0.7832512259483337 0.9640733599662781 
0.9460476636886597 0.9641943573951721 0.9285714030265808 0.9799861907958984 
0.9404617547988892 0.9280575513839722 0.953201949596405 0.979434072971344 
0.9093167781829834 0.9172932505607605 0.9014778137207031 0.965650737285614 
0.9410319328308105 0.938725471496582 0.9433497786521912 0.9709954261779785 
0.9438202381134033 0.9569620490074158 0.931034505367279 0.9700065851211548 
0.9488139748573303 0.9620253443717957 0.935960590839386 0.9772228002548218 
0.9210866689682007 0.9700272679328918 0.8768472671508789 0.9810234308242798 
0.9326683282852173 0.9444444179534912 0.9211822748184204 0.9833288192749023 
0.9197452068328857 0.9525066018104553 0.889162540435791 0.9702248573303223 
0.918367326259613 0.9523809552192688 0.8866994976997375 0.9693877696990967 
0.93034827709198 0.9396985173225403 0.9211822748184204 0.9636062383651733 
