0.7872922420501709 0.7369042634963989 0.8450767993927002 0.7883608341217041 
0.7878151535987854 0.7364493608474731 0.8468834757804871 0.7917834520339966 
0.7930596470832825 0.7460191249847412 0.8464317917823792 0.8059040904045105 
0.7953488230705261 0.7476152777671814 0.8495935201644897 0.8164976239204407 
0.8026540875434875 0.7628152966499329 0.8468834757804871 0.828213632106781 
0.8187755346298218 0.746835470199585 0.9060524106025696 0.8168002963066101 
0.7958403825759888 0.7506004571914673 0.8468834757804871 0.8180667757987976 
0.8054181933403015 0.7685679197311401 0.8459801077842712 0.8243083357810974 
0.804380476474762 0.7666803002357483 0.8459801077842712 0.8211758732795715 
0.8138170838356018 0.7840100526809692 0.8459801077842712 0.8410449028015137 
0.8343558311462402 0.7847194671630859 0.8906955718994141 0.8475549221038818 
0.8150250911712646 0.7890063524246216 0.8428184390068054 0.8385056257247925 
0.8231653571128845 0.8060606122016907 0.8410117626190186 0.8378306031227112 
0.8236062526702881 0.7952060699462891 0.8541101813316345 0.8476626873016357 
0.8230633735656738 0.8025751113891602 0.8446251153945923 0.8461927175521851 
0.8196216225624084 0.7988850474357605 0.8414633870124817 0.8303635716438293 
0.8168089389801025 0.7923566699028015 0.8428184390068054 0.8282467722892761 
0.8216644525527954 0.8015463948249817 0.8428184390068054 0.8483017683029175 
0.819679319858551 0.7977768182754517 0.8428184390068054 0.8376401662826538 
0.8160178065299988 0.8040333390235901 0.8283649682998657 0.8404853343963623 
0.8193619251251221 0.7987987995147705 0.8410117626190186 0.8354870676994324 
0.8199031352996826 0.7998281717300415 0.8410117626190186 0.8391526341438293 
0.82966548204422 0.8090128898620605 0.8514001965522766 0.8510501384735107 
0.8227513432502747 0.8036175966262817 0.8428184390068054 0.857585608959198 
0.8117747902870178 0.7741803526878357 0.8532068729400635 0.8305349349975586 
0.8272707462310791 0.7989062070846558 0.857723593711853 0.8425630331039429 
0.8549289703369141 0.8166118264198303 0.8970189690589905 0.8532636165618896 
0.822857141494751 0.801369845867157 0.8455284833908081 0.8533093929290771 
0.8081172704696655 0.8068437576293945 0.8093947768211365 0.8486574292182922 
0.8229075074195862 0.8030954599380493 0.8437217473983765 0.8468021154403687 
0.8229327201843262 0.8039637804031372 0.8428184390068054 0.8518278002738953 
0.8152505159378052 0.7874578833580017 0.8450767993927002 0.8464125990867615 
0.843455970287323 0.8009748458862305 0.8906955718994141 0.8541388511657715 
0.8493923544883728 0.817460298538208 0.8839204907417297 0.8544472455978394 
0.8211542963981628 0.7985488772392273 0.8450767993927002 0.8487585186958313 
0.82542484998703 0.8070781230926514 0.8446251153945923 0.8548574447631836 
0.8256840109825134 0.8071613311767578 0.8450767993927002 0.8530557751655579 
0.8249558806419373 0.8057708740234375 0.8450767993927002 0.8506630659103394 
0.8223596811294556 0.8049308061599731 0.8405600786209106 0.8510861396789551 
0.8541398644447327 0.8133170008659363 0.8992773294448853 0.8575230836868286 
0.851678729057312 0.8041733503341675 0.9051490426063538 0.8550242185592651 
0.8255300521850586 0.807692289352417 0.8441734313964844 0.8491359353065491 
0.8242290616035461 0.8043851852416992 0.8450767993927002 0.8446868658065796 
0.8473427891731262 0.7975289225578308 0.9037940502166748 0.8491912484169006 
0.825348436832428 0.7968881130218506 0.8559169173240662 0.844693660736084 
0.8559121489524841 0.8180320858955383 0.8974706530570984 0.8570210337638855 
0.8405063152313232 0.7885985970497131 0.8997290134429932 0.8505263924598694 
0.8382258415222168 0.7973909378051758 0.8834688067436218 0.847460150718689 
0.8489605188369751 0.8004000186920166 0.9037940502166748 0.8610630035400391 
0.8216096758842468 0.8026712536811829 0.8414633870124817 0.855911135673523 
0.8463519215583801 0.8062142133712769 0.8906955718994141 0.8540069460868835 
0.8229327201843262 0.8039637804031372 0.8428184390068054 0.8502053022384644 
0.8531737327575684 0.8097363114356995 0.90153568983078 0.8539271950721741 
0.820814311504364 0.7923497557640076 0.8514001965522766 0.840681254863739 
0.8413330316543579 0.7849041819572449 0.9065040946006775 0.8470143675804138 
0.855614960193634 0.812677800655365 0.9033423662185669 0.863868772983551 
0.8560394644737244 0.815284013748169 0.9010840058326721 0.8560187816619873 
0.8479381203651428 0.8083537817001343 0.8915989398956299 0.8605554103851318 
0.851417601108551 0.8062171936035156 0.9019873738288879 0.8577275276184082 
0.8538510799407959 0.8091387152671814 0.9037940502166748 0.8590689897537231 
0.8189354538917542 0.7919831275939941 0.8477867841720581 0.8461856842041016 
0.8214442133903503 0.7966893315315247 0.8477867841720581 0.8445394039154053 
0.8243388533592224 0.7866228818893433 0.8658536672592163 0.8379085659980774 
0.8212265968322754 0.791946291923523 0.8527551889419556 0.8504152894020081 
0.8196936249732971 0.7949914932250977 0.8459801077842712 0.847774088382721 
0.84404057264328 0.793089747428894 0.9019873738288879 0.8507416248321533 
0.851544201374054 0.8057234883308411 0.902890682220459 0.8524705171585083 
0.8500635027885437 0.8002392053604126 0.9065040946006775 0.8493273258209229 
0.8509912490844727 0.8058134913444519 0.90153568983078 0.8573265671730042 
0.8488569259643555 0.798804759979248 0.9056007266044617 0.8468350768089294 
0.8503198027610779 0.8053311705589294 0.9006323218345642 0.85193932056427 
0.8129720091819763 0.7998251914978027 0.8265582919120789 0.8537571430206299 
0.8499149680137634 0.8028112649917603 0.902890682220459 0.856441855430603 
0.8556126952171326 0.8137734532356262 0.9019873738288879 0.857485294342041 
0.8327953815460205 0.7953144311904907 0.8739837408065796 0.8535555005073547 
0.8504713177680969 0.8088834285736084 0.8965672850608826 0.8538714647293091 
0.8480371236801147 0.7959588170051575 0.9074074029922485 0.8493463397026062 
0.8467277884483337 0.8017763495445251 0.8970189690589905 0.8516528010368347 
0.828758180141449 0.8005050420761108 0.859078586101532 0.8469340205192566 
0.8513800501823425 0.8032852411270142 0.9056007266044617 0.8537040948867798 
