0.7501764297485352 0.7407665252685547 0.7598284482955933 0.8301599621772766 
0.8053448796272278 0.8138686418533325 0.7969978451728821 0.8815420866012573 
0.7890895009040833 0.8529900312423706 0.7340958118438721 0.8809223175048828 
0.7871018052101135 0.8621276617050171 0.7240886092185974 0.8961410522460938 
0.7580128312110901 0.8623518943786621 0.6761972904205322 0.8712539076805115 
0.8260066509246826 0.8547400832176208 0.7991422414779663 0.9015626907348633 
0.7323232293128967 0.8904810547828674 0.6218727827072144 0.9009978771209717 
0.8518383502960205 0.8679525256156921 0.8363116383552551 0.9082891941070557 
0.7639109492301941 0.8603401780128479 0.6869192123413086 0.8413892984390259 
0.8178694248199463 0.8778688311576843 0.7655467987060547 0.8968899846076965 
0.8188021183013916 0.8716707229614258 0.7719799876213074 0.907004177570343 
0.7288485169410706 0.8623046875 0.6311651468276978 0.9043948650360107 
0.8226442337036133 0.8247126340866089 0.8205861449241638 0.8889291286468506 
0.8170462846755981 0.8405140042304993 0.7948534488677979 0.8994500041007996 
0.6616541147232056 0.8677493929862976 0.5346676111221313 0.8785724639892578 
0.6864628791809082 0.8821548819541931 0.5618298649787903 0.886733889579773 
0.8565201759338379 0.8707533478736877 0.8427448272705078 0.9157158136367798 
0.8357089161872864 0.8792423009872437 0.7962830662727356 0.9155955910682678 
0.8411828875541687 0.8597015142440796 0.8234453201293945 0.916046679019928 
0.8522809743881226 0.8635362982749939 0.8413152098655701 0.9093209505081177 
0.8329686522483826 0.8503350615501404 0.8162973523139954 0.9019196629524231 
0.8571428656578064 0.8766816258430481 0.8384560346603394 0.9192267656326294 
0.8214016556739807 0.8685259222984314 0.7791279554367065 0.9218248724937439 
0.8177083134651184 0.8525989055633545 0.7855611443519592 0.9084838628768921 
0.8298969268798828 0.8557327389717102 0.805575430393219 0.9130375981330872 
0.8687350749969482 0.8305084705352783 0.9106504917144775 0.9165982604026794 
0.8024178147315979 0.8509615659713745 0.7591136693954468 0.9030373096466064 
0.8702452778816223 0.8656294345855713 0.8749106526374817 0.9285982847213745 
0.7865346670150757 0.8818827867507935 0.7097927331924438 0.9283405542373657 
0.8681003451347351 0.870596706867218 0.8656182885169983 0.9171620607376099 
0.8328335881233215 0.875492513179779 0.7941386699676514 0.9173879623413086 
0.8097043037414551 0.861985445022583 0.7634024024009705 0.9088435173034668 
0.8278415203094482 0.858678936958313 0.7991422414779663 0.9134146571159363 
0.7813364863395691 0.874336302280426 0.7062187194824219 0.9123360514640808 
0.864502489566803 0.8536585569381714 0.8756254315376282 0.9221962690353394 
0.8762169480323792 0.8530805706977844 0.9006432890892029 0.9257833361625671 
0.8778550028800964 0.8175092339515686 0.9478198885917664 0.922661542892456 
0.868183434009552 0.8773722648620605 0.8591851592063904 0.9294732213020325 
0.7430927753448486 0.8781676292419434 0.6440314650535583 0.9124749898910522 
0.7678571343421936 0.888262927532196 0.6761972904205322 0.9000110626220703 
0.8210683465003967 0.8599374294281006 0.7855611443519592 0.9235888719558716 
0.8395061492919922 0.8806907534599304 0.802001416683197 0.9310722351074219 
0.8409683704376221 0.8779160380363464 0.807004988193512 0.9239635467529297 
0.8766075968742371 0.8531799912452698 0.9013581275939941 0.9187257289886475 
0.8923705816268921 0.8523097038269043 0.9363831281661987 0.9365566968917847 
0.8698988556861877 0.8494550585746765 0.8913509845733643 0.9269812107086182 
0.8666430711746216 0.8578431606292725 0.8756254315376282 0.9229302406311035 
0.8419881463050842 0.8750963807106018 0.8112937808036804 0.9247363805770874 
0.7963034510612488 0.8631051778793335 0.739099383354187 0.922550618648529 
0.8593128323554993 0.8696925044059753 0.8491779565811157 0.9281774759292603 
0.8443291187286377 0.8768283128738403 0.8141529560089111 0.9289315938949585 
0.8614357113838196 0.8082706928253174 0.9220871925354004 0.9195815920829773 
0.8333333134651184 0.8487768769264221 0.8184417486190796 0.915102481842041 
0.8458967804908752 0.8802163600921631 0.8141529560089111 0.9367441534996033 
0.8987993001937866 0.8641160726547241 0.9363831281661987 0.9349427819252014 
0.8882700800895691 0.8656716346740723 0.9120800495147705 0.9342702031135559 
0.8440779447555542 0.8873128294944763 0.8048605918884277 0.9324496984481812 
0.8808941841125488 0.8613387942314148 0.9013581275939941 0.9203144907951355 
0.7907153964042664 0.8454027771949768 0.7426733374595642 0.8964304327964783 
0.8097072243690491 0.878028392791748 0.7512509226799011 0.9179367423057556 
0.8792365789413452 0.8146341443061829 0.9549678564071655 0.9239873886108398 
0.8217522501945496 0.8710968494415283 0.7776983380317688 0.9215724468231201 
0.8620938658714294 0.8708971738815308 0.8534667491912842 0.9300076961517334 
0.8687161207199097 0.8792093992233276 0.8584703207015991 0.933131217956543 
0.8784340620040894 0.845340371131897 0.9142244458198547 0.9299637675285339 
0.8870037198066711 0.844315230846405 0.9342387318611145 0.9284940958023071 
0.883884608745575 0.8704088926315308 0.8977841138839722 0.936883807182312 
0.8674269318580627 0.8649609088897705 0.8699070811271667 0.9234169721603394 
0.8658008575439453 0.8739985227584839 0.8577555418014526 0.930860698223114 
0.8961175084114075 0.8773972392082214 0.9156540632247925 0.9365729689598083 
0.8520179390907288 0.8927173018455505 0.8148677349090576 0.9343802332878113 
0.8721541166305542 0.8550823926925659 0.8899213671684265 0.9283215999603271 
0.8614392876625061 0.8629842400550842 0.8598999381065369 0.9300100803375244 
0.8843398094177246 0.8459529876708984 0.9263759851455688 0.9277895092964172 
0.9008825421333313 0.8577892780303955 0.9485346674919128 0.9347141981124878 
0.8973305821418762 0.8608010411262512 0.9370979070663452 0.9310829043388367 
0.8762518167495728 0.8768790364265442 0.8756254315376282 0.9310160875320435 
0.8733096122741699 0.869596004486084 0.8770550489425659 0.9322088360786438 
0.889502763748169 0.8603874444961548 0.9206576347351074 0.9260798692703247 
0.8745862245559692 0.9007575511932373 0.849892795085907 0.9451290369033813 
0.8802867531776428 0.8828181028366089 0.8777698278427124 0.941998302936554 
0.875 0.8743754625320435 0.8756254315376282 0.9318513870239258 
0.8708513975143433 0.8790968656539917 0.8627591133117676 0.9358160495758057 
0.7752853035926819 0.8625218868255615 0.7040743231773376 0.9176523089408875 
0.8648454546928406 0.8698481321334839 0.8598999381065369 0.9225615859031677 
0.7703820466995239 0.8578947186470032 0.6990707516670227 0.9076451659202576 
0.8197088241577148 0.8578125238418579 0.784846305847168 0.9246094226837158 
0.7975999712944031 0.905540406703949 0.7126519083976746 0.9320698380470276 
0.8572463989257812 0.8692138195037842 0.8456040024757385 0.930351734161377 
0.8291187882423401 0.8934764862060547 0.7734096050262451 0.9431389570236206 
0.5792563557624817 0.9178294539451599 0.4231593906879425 0.9327595233917236 
0.8853147029876709 0.8665297627449036 0.9049320816993713 0.9394648671150208 
0.8956063389778137 0.8810511827468872 0.9106504917144775 0.9406198263168335 
0.8930356502532959 0.836454451084137 0.9578270316123962 0.930465817451477 
0.854158878326416 0.8931357264518738 0.8184417486190796 0.9327217936515808 
0.8691654801368713 0.8600419759750366 0.8784846067428589 0.9288787841796875 
0.8179687261581421 0.9018087983131409 0.7483916878700256 0.935520350933075 
0.8979030847549438 0.8649006485939026 0.933523952960968 0.940688967704773 
0.8350591659545898 0.8651341199874878 0.807004988193512 0.9228522777557373 
0.8598890900611877 0.8905053734779358 0.8313080668449402 0.9402771592140198 
0.8748623728752136 0.8989441990852356 0.8520371913909912 0.9484641551971436 
0.928205132484436 0.9329897165298462 0.9234693646430969 0.9665210843086243 
0.9335006475448608 0.9185185432434082 0.9489796161651611 0.9717044830322266 
0.903743326663971 0.949438214302063 0.8622449040412903 0.9653790593147278 
0.9309462904930115 0.9333333373069763 0.9285714030265808 0.9709040522575378 
0.9317585229873657 0.9594594836235046 0.9056122303009033 0.978625476360321 
0.9064934849739075 0.9232804179191589 0.8903061151504517 0.9647867679595947 
0.8940568566322327 0.9057591557502747 0.8826530575752258 0.9629027843475342 
0.9081632494926453 0.9081632494926453 0.9081632494926453 0.9497246742248535 
0.9072427153587341 0.903797447681427 0.9107142686843872 0.9610708951950073 
0.9284818172454834 0.9135802388191223 0.9438775777816772 0.9548007845878601 
0.9420654773712158 0.93034827709198 0.954081654548645 0.973250150680542 
0.9157894849777222 0.945652186870575 0.8877550959587097 0.9779877066612244 
0.9321824908256531 0.9021479487419128 0.9642857313156128 0.974249005317688 
0.9267081022262573 0.9031476974487305 0.9515306353569031 0.9632933139801025 
0.9021164178848267 0.9368131756782532 0.8698979616165161 0.9646468162536621 
0.9158163070678711 0.9158163070678711 0.9158163070678711 0.9691599607467651 
0.9263959527015686 0.9217171669006348 0.9311224222183228 0.9771416783332825 
0.8936170339584351 0.9333333373069763 0.8571428656578064 0.9659907221794128 
0.9142857193946838 0.9312169551849365 0.8979591727256775 0.9657304286956787 
0.9371859431266785 0.9232673048973083 0.9515306353569031 0.9755668044090271 
0.9428571462631226 0.9603174328804016 0.9260203838348389 0.9772815704345703 
0.8957219123840332 0.9410112500190735 0.8545918464660645 0.9768227934837341 
0.9299362897872925 0.9287531971931458 0.9311224222183228 0.9709560871124268 
0.9430692791938782 0.9158653616905212 0.9719387888908386 0.9683204889297485 
0.9391727447509766 0.8976744413375854 0.9846938848495483 0.9726188778877258 
0.9296875 0.9494680762290955 0.9107142686843872 0.9834475517272949 
0.9367741942405701 0.9477806687355042 0.9260203838348389 0.9736959338188171 
0.8688945770263672 0.8756476640701294 0.8622449040412903 0.9500924348831177 
0.9238709807395935 0.934725821018219 0.9132652878761292 0.9757457971572876 
0.9278350472450256 0.9375 0.918367326259613 0.9771026372909546 
0.9335006475448608 0.9185185432434082 0.9489796161651611 0.9692835807800293 
0.9411764740943909 0.9238329529762268 0.9591836929321289 0.9728270769119263 
0.9116883277893066 0.9285714030265808 0.8954081535339355 0.9707056283950806 
0.8888888955116272 0.9352112412452698 0.8469387888908386 0.9677184820175171 
0.9107611775398254 0.9378378391265869 0.8852040767669678 0.970256507396698 
0.941919207572937 0.9325000047683716 0.9515306353569031 0.980805516242981 
0.9307411909103394 0.8886311054229736 0.9770408272743225 0.9717923402786255 
0.8951612710952759 0.9460227489471436 0.8494898080825806 0.9724333882331848 
0.8947368264198303 0.9239130616188049 0.8673469424247742 0.9697554707527161 
0.8949999809265137 0.8774510025978088 0.9132652878761292 0.9618388414382935 
0.8849797248840332 0.9423630833625793 0.8341836929321289 0.9689322710037231 
0.9308176040649414 0.9181141257286072 0.9438775777816772 0.9564244747161865 
0.9112271666526794 0.9331550598144531 0.8903061151504517 0.9709040522575378 
0.9388753175735474 0.9014084339141846 0.9795918464660645 0.9720819592475891 
0.8929504156112671 0.9144384860992432 0.8724489808082581 0.9557216167449951 
0.9384615421295166 0.9432989954948425 0.9336734414100647 0.9708324670791626 
0.920918345451355 0.920918345451355 0.920918345451355 0.9652456045150757 
0.8391608595848083 0.9287925958633423 0.7653061151504517 0.9508506059646606 
0.9113608002662659 0.8924205303192139 0.9311224222183228 0.9679983258247375 
0.8814913630485535 0.9220055937767029 0.8443877696990967 0.9573386907577515 
0.909326434135437 0.9236842393875122 0.8954081535339355 0.9596457481384277 
0.8911651968955994 0.8946015238761902 0.8877550959587097 0.9451530575752258 
0.9201030731201172 0.9296875 0.9107142686843872 0.963823676109314 
0.9182879328727722 0.934036910533905 0.9030612111091614 0.9718931913375854 
0.9201030731201172 0.9296875 0.9107142686843872 0.9704030156135559 
0.9138381481170654 0.9358288645744324 0.8928571343421936 0.966049313545227 
0.8848641514778137 0.8976377844810486 0.8724489808082581 0.9471020698547363 
0.8795031309127808 0.8571428656578064 0.9030612111091614 0.9255974292755127 
0.8453900814056396 0.9520766735076904 0.7602040767669678 0.9732663631439209 
0.9102730751037598 0.9283819794654846 0.8928571343421936 0.9635796546936035 
0.9133247137069702 0.9265092015266418 0.9005101919174194 0.9646013379096985 
0.8994709253311157 0.9340659379959106 0.8673469424247742 0.9692315459251404 
0.9177718758583069 0.9558011293411255 0.8826530575752258 0.9739106893539429 
0.8760330677032471 0.9520958065986633 0.8112244606018066 0.9724789261817932 
0.9182879328727722 0.934036910533905 0.9030612111091614 0.9703020453453064 
0.8944591283798218 0.9262295365333557 0.8647959232330322 0.9688606858253479 
0.9329962134361267 0.9248120188713074 0.9413265585899353 0.9685320854187012 
0.9054054021835327 0.9626436829566956 0.8545918464660645 0.976790189743042 
0.9218950271606445 0.9254498481750488 0.918367326259613 0.966251015663147 
0.9300518035888672 0.9447368383407593 0.9158163070678711 0.9749062657356262 
0.9322916865348816 0.9521276354789734 0.9132652878761292 0.9842188358306885 
0.9128738641738892 0.931034505367279 0.8954081535339355 0.9727782607078552 
0.915208637714386 0.9686609506607056 0.8673469424247742 0.9802556037902832 
0.8787062168121338 0.9314285516738892 0.831632673740387 0.9680373668670654 
0.9020134210586548 0.9518413543701172 0.8571428656578064 0.9741448760032654 
