0.8518815040588379 0.765467643737793 0.9602888226509094 0.8395505547523499 
0.8338509202003479 0.7316076159477234 0.9693140983581543 0.8342102766036987 
0.8371005654335022 0.7366254925727844 0.9693140983581543 0.8297513723373413 
0.8416075706481934 0.7468531727790833 0.9638988971710205 0.8323417901992798 
0.8334636688232422 0.7351723909378052 0.9620938897132874 0.8402869701385498 
0.8473767638206482 0.7571022510528564 0.9620938897132874 0.8622032999992371 
0.8636363744735718 0.7846607565879822 0.9602888226509094 0.8648978471755981 
0.8666666746139526 0.7884615659713745 0.9620938897132874 0.8632296323776245 
0.8800661563873291 0.8122137188911438 0.9602888226509094 0.888664960861206 
0.8898163437843323 0.8276397585868835 0.9620938897132874 0.8813550472259521 
0.8735632300376892 0.8012048006057739 0.9602888226509094 0.8676379919052124 
0.8780889511108398 0.8075757622718811 0.9620938897132874 0.8767414689064026 
0.8875839114189148 0.8291535973548889 0.9548736214637756 0.8813453316688538 
0.8757201433181763 0.804841160774231 0.9602888226509094 0.8857911229133606 
0.8846153616905212 0.8239875435829163 0.9548736214637756 0.89443039894104 
0.8864954710006714 0.8192955851554871 0.9657039642333984 0.88737952709198 
0.8820083737373352 0.8221529126167297 0.9512635469436646 0.8766583204269409 
0.8635578751564026 0.8278145790100098 0.9025270938873291 0.8851655721664429 
0.8797996640205383 0.8183229565620422 0.9512635469436646 0.8807312250137329 
0.8868399262428284 0.8278560042381287 0.9548736214637756 0.8909456729888916 
0.8903765678405762 0.8299531936645508 0.9602888226509094 0.8920453190803528 
0.8767576217651367 0.8091602921485901 0.9566786885261536 0.8837922215461731 
0.8866666555404663 0.8235294222831726 0.9602888226509094 0.8879074454307556 
0.8743882775306702 0.7976190447807312 0.9675090312957764 0.8694577813148499 
0.8989899158477783 0.8422712683677673 0.9638988971710205 0.8989266753196716 
0.8850289583206177 0.8167939186096191 0.9657039642333984 0.8890217542648315 
0.8824503421783447 0.8149847388267517 0.9620938897132874 0.8818829655647278 
0.8870431780815125 0.8215384483337402 0.9638988971710205 0.8907029628753662 
0.8901928067207336 0.8309859037399292 0.9584837555885315 0.8922554850578308 
0.8899999856948853 0.826625406742096 0.9638988971710205 0.8984363675117493 
0.8885191082954407 0.8240740895271301 0.9638988971710205 0.8783836364746094 
0.8857616186141968 0.8180428147315979 0.9657039642333984 0.8854311108589172 
0.8842630982398987 0.8207109570503235 0.9584837555885315 0.886252224445343 
0.8885191082954407 0.8240740895271301 0.9638988971710205 0.89166259765625 
0.8866666555404663 0.8235294222831726 0.9602888226509094 0.8943392038345337 
0.8779264092445374 0.8177570104598999 0.9476534128189087 0.8715153932571411 
0.8833746910095215 0.8152672052383423 0.9638988971710205 0.8806921243667603 
0.8855721354484558 0.8190184235572815 0.9638988971710205 0.8828979134559631 
0.8927972912788391 0.832812488079071 0.9620938897132874 0.9030745029449463 
0.8775677680969238 0.8054298758506775 0.9638988971710205 0.8793497681617737 
0.8844221234321594 0.824999988079071 0.9530686140060425 0.8837011456489563 
0.8924369812011719 0.8349056839942932 0.9584837555885315 0.8947007656097412 
0.8885219097137451 0.8188736438751221 0.9711191058158875 0.8941648006439209 
0.8937238454818726 0.8330733180046082 0.9638988971710205 0.9044755101203918 
0.879867434501648 0.8131699562072754 0.9584837555885315 0.8770086765289307 
0.8835274577140808 0.8194444179534912 0.9584837555885315 0.8783478140830994 
0.8929460644721985 0.8264209032058716 0.9711191058158875 0.892990231513977 
0.89741450548172 0.8341085314750671 0.9711191058158875 0.9105521440505981 
0.8896321058273315 0.8286604285240173 0.9602888226509094 0.9018331170082092 
0.9015024900436401 0.8385093212127686 0.9747292399406433 0.9066014885902405 
0.9040403962135315 0.847003161907196 0.9693140983581543 0.9155485033988953 
0.8885191082954407 0.8240740895271301 0.9638988971710205 0.8964065313339233 
0.8925619721412659 0.8231707215309143 0.9747292399406433 0.8963103890419006 
0.8905472755432129 0.8236196041107178 0.9693140983581543 0.8917945027351379 
0.8894389271736145 0.8191489577293396 0.9729241728782654 0.8861463665962219 
0.8874281048774719 0.814479649066925 0.9747292399406433 0.8845106959342957 
0.8944305777549744 0.8289676308631897 0.9711191058158875 0.8998015522956848 
0.8920266032218933 0.8261538743972778 0.9693140983581543 0.8936468362808228 
0.8846787214279175 0.8136363625526428 0.9693140983581543 0.8951782584190369 
