0.8187159299850464 0.7644984126091003 0.8812105059623718 0.8432177901268005 
0.46086370944976807 0.9106666445732117 0.30849140882492065 0.8570939302444458 
0.6047453880310059 0.8413848876953125 0.47199639678001404 0.8623780608177185 
0.8109540343284607 0.793431282043457 0.8292682766914368 0.8730968236923218 
0.7000783085823059 0.8293135166168213 0.6056910753250122 0.8638133406639099 
0.45731502771377563 0.8835704922676086 0.30849140882492065 0.8635733127593994 
0.7324223518371582 0.813914954662323 0.6657633185386658 0.8752648830413818 
0.5977620482444763 0.8587140440940857 0.4584462642669678 0.8846928477287292 
0.6875506639480591 0.8549361824989319 0.5749773979187012 0.8811761736869812 
0.8329318761825562 0.8083298206329346 0.859078586101532 0.8800016641616821 
0.7570116519927979 0.8402203917503357 0.6887985467910767 0.8777899742126465 
0.8107984662055969 0.8215113878250122 0.8003613352775574 0.8805751800537109 
0.7463749647140503 0.854397177696228 0.6626016497612 0.8952897191047668 
0.7840800881385803 0.8299697041511536 0.7429990768432617 0.8803207278251648 
0.455472469329834 0.9203296899795532 0.30261969566345215 0.8857613205909729 
0.6395019888877869 0.8560606241226196 0.5103884339332581 0.8824410438537598 
0.5752508640289307 0.8799999952316284 0.4272809326648712 0.8844479322433472 
0.6044601202011108 0.8626465797424316 0.4652213156223297 0.8741744756698608 
0.6958831548690796 0.8446163535118103 0.5916892290115356 0.8916312456130981 
0.7552825808525085 0.828125 0.694218635559082 0.8892301321029663 
0.7178167104721069 0.8347305655479431 0.6296296119689941 0.8866832256317139 
0.8264912962913513 0.8300683498382568 0.8229448795318604 0.8901885151863098 
0.8632155060768127 0.808116614818573 0.9263775944709778 0.8866948485374451 
0.8402991890907288 0.8190394639968872 0.8626919388771057 0.8754299879074097 
0.7922642230987549 0.7634003162384033 0.8233965635299683 0.8468345403671265 
0.857633650302887 0.8174375891685486 0.9019873738288879 0.885733962059021 
0.7780464291572571 0.8371487855911255 0.7267389297485352 0.8862446546554565 
0.8279713988304138 0.8191865682601929 0.8369467258453369 0.8871307969093323 
0.8190433382987976 0.8183047771453857 0.8197832107543945 0.8781659603118896 
0.7804168462753296 0.8420501947402954 0.7271906137466431 0.8838900327682495 
0.710422694683075 0.8482758402824402 0.6111111044883728 0.8881809711456299 
0.7500628232955933 0.8449349403381348 0.674345076084137 0.8874294757843018 
0.8381817936897278 0.8435498476028442 0.8328816890716553 0.9021638035774231 
0.7871678471565247 0.8374936580657959 0.7425474524497986 0.8869235515594482 
0.8218231797218323 0.8380281925201416 0.8062330484390259 0.8968888521194458 
0.8293659687042236 0.8171854615211487 0.8419150710105896 0.8888241648674011 
0.7797194123268127 0.8566792607307434 0.7154471278190613 0.9006658792495728 
0.8474804162979126 0.8405153155326843 0.8545618653297424 0.8964982032775879 
0.8351898193359375 0.8407322764396667 0.8297199606895447 0.8920863270759583 
0.860242486000061 0.8130277395248413 0.913279116153717 0.8922569155693054 
0.6778174042701721 0.8625261783599854 0.5582655668258667 0.8973919153213501 
0.7124148607254028 0.8478803038597107 0.6142728328704834 0.8935969471931458 
0.8561464548110962 0.82729572057724 0.8870822191238403 0.893876314163208 
0.8601307272911072 0.8308081030845642 0.8915989398956299 0.8979916572570801 
0.8624535202980042 0.8359474539756775 0.8906955718994141 0.9018288254737854 
0.8649122714996338 0.8405796885490417 0.8906955718994141 0.9051657915115356 
0.763419508934021 0.8486188054084778 0.6937669515609741 0.8980332016944885 
0.781361997127533 0.8295281529426575 0.7384823560714722 0.8899032473564148 
0.7364081144332886 0.8572285771369934 0.6454381346702576 0.8960729241371155 
0.7874244451522827 0.8474752902984619 0.7353206872940063 0.8987367153167725 
0.7992460131645203 0.8354679942131042 0.7660343050956726 0.8858902454376221 
0.7059450745582581 0.8614183664321899 0.5980126261711121 0.8927240967750549 
0.8696386814117432 0.816990852355957 0.9295393228530884 0.8946411609649658 
0.8632966876029968 0.840753436088562 0.8870822191238403 0.9037173986434937 
0.7763794660568237 0.836287796497345 0.7244805693626404 0.8936111927032471 
0.8699570894241333 0.8286999464035034 0.9155374765396118 0.896621823310852 
0.8457066416740417 0.8374667763710022 0.8541101813316345 0.8970004320144653 
0.8432998657226562 0.8158783912658691 0.8726287484169006 0.8955069780349731 
0.8514021039009094 0.8328293561935425 0.870822012424469 0.8959562182426453 
0.8743523359298706 0.8374689817428589 0.9146341681480408 0.9038183689117432 
0.8695076107978821 0.8505399823188782 0.8893405795097351 0.9107388854026794 
0.8654561638832092 0.8392024040222168 0.8934056162834167 0.9048367738723755 
0.6391152739524841 0.8985270261764526 0.49593496322631836 0.9077395796775818 
0.7240571975708008 0.8534641265869141 0.6287263035774231 0.9007582664489746 
0.8754062652587891 0.8413161039352417 0.912375807762146 0.9055529832839966 
0.6394751667976379 0.8676470518112183 0.5063233971595764 0.899542510509491 
0.8199380040168762 0.8686205148696899 0.7764227390289307 0.9136648178100586 
0.6859303116798401 0.8529214262962341 0.5736224055290222 0.8877042531967163 
0.8740293383598328 0.8364987373352051 0.9150857925415039 0.9039733409881592 
0.8506478667259216 0.8562929034233093 0.8450767993927002 0.9096689820289612 
0.8294573426246643 0.8374769687652588 0.8215898871421814 0.9051818251609802 
0.6495726704597473 0.8796296119689941 0.5149051547050476 0.891818642616272 
0.8410326242446899 0.8433242440223694 0.8387534022331238 0.8938185572624207 
0.8421762585639954 0.8384064435958862 0.8459801077842712 0.9028028845787048 
0.8412055969238281 0.8378136157989502 0.8446251153945923 0.8984013795852661 
0.8748101592063904 0.8417536616325378 0.9105691313743591 0.9073230624198914 
0.8647568225860596 0.8505897521972656 0.8794037699699402 0.9093832969665527 
0.8696785569190979 0.8376569151878357 0.9042457342147827 0.9059946537017822 
0.705051600933075 0.8841961622238159 0.586269199848175 0.9107972383499146 
0.8704274892807007 0.8498278856277466 0.892050564289093 0.9110238552093506 
