0.8638613820075989 0.7986270189285278 0.9407008290290833 0.9163730144500732 
0.9271523356437683 0.9114583134651184 0.9433962106704712 0.9386228919029236 
0.9397590160369873 0.9335106611251831 0.9460916519165039 0.9462659955024719 
0.9249011874198914 0.9046391844749451 0.9460916519165039 0.9440065622329712 
0.9408602118492126 0.9383378028869629 0.9433962106704712 0.9473267197608948 
0.9376693964004517 0.9427793025970459 0.9326145648956299 0.9621914625167847 
0.9088607430458069 0.8568019270896912 0.9676550030708313 0.9452779293060303 
0.9275362491607666 0.907216489315033 0.9487870335578918 0.9427714347839355 
0.9504685401916504 0.9441489577293396 0.9568732976913452 0.9628961682319641 
0.9458388090133667 0.9274611473083496 0.9649595618247986 0.9637680053710938 
0.9585006833076477 0.9521276354789734 0.9649595618247986 0.9569968581199646 
0.9410187602043152 0.9359999895095825 0.9460916519165039 0.956589937210083 
0.9485095143318176 0.9536784887313843 0.9433962106704712 0.9711423516273499 
0.9299867749214172 0.9119170904159546 0.9487870335578918 0.9548100233078003 
0.9040403962135315 0.8503562808036804 0.9649595618247986 0.9591909646987915 
0.9376623630523682 0.9047619104385376 0.973045825958252 0.9667613506317139 
0.9447368383407593 0.922879159450531 0.9676550030708313 0.9613777995109558 
0.9470967650413513 0.9084158539772034 0.9892183542251587 0.9763732552528381 
0.9462365508079529 0.9436997175216675 0.9487870335578918 0.9572365880012512 
0.9424363970756531 0.936170220375061 0.9487870335578918 0.9631286859512329 
0.9485095143318176 0.9536784887313843 0.9433962106704712 0.974578857421875 
0.9475101232528687 0.9462365508079529 0.9487870335578918 0.9729150533676147 
0.941644549369812 0.9268929362297058 0.9568732976913452 0.9766348600387573 
0.9435483813285828 0.9410187602043152 0.9460916519165039 0.9762570858001709 
0.9427430033683777 0.9315789341926575 0.9541779160499573 0.9656715393066406 
0.8835227489471436 0.9339339137077332 0.8382749557495117 0.9617265462875366 
0.9589403867721558 0.9427083134651184 0.9757412672042847 0.9767074584960938 
0.899128258228302 0.8356481194496155 0.973045825958252 0.9767729043960571 
0.8826815485954285 0.9159420132637024 0.8517520427703857 0.9533641338348389 
0.9336870312690735 0.9190600514411926 0.9487870335578918 0.9656715989112854 
0.9414893388748169 0.9291338324546814 0.9541779160499573 0.9634774923324585 
0.9026548862457275 0.8500000238418579 0.9622641801834106 0.9479660987854004 
0.9449664354324341 0.9411764740943909 0.9487870335578918 0.9578250050544739 
0.9446693658828735 0.9459459185600281 0.9433962106704712 0.9662600159645081 
0.9370816349983215 0.9308510422706604 0.9433962106704712 0.9658386707305908 
0.9395604133605957 0.9579831957817078 0.9218328595161438 0.964857816696167 
0.9398906826972961 0.9529085755348206 0.9272237420082092 0.9687811136245728 
0.9421265125274658 0.9408602118492126 0.9433962106704712 0.9565100073814392 
0.9272237420082092 0.9272237420082092 0.9272237420082092 0.9691153168678284 
0.9393140077590942 0.91989666223526 0.9595687389373779 0.9676876664161682 
0.9419702887535095 0.9432432651519775 0.9407008290290833 0.9689372777938843 
0.9502018690109253 0.948924720287323 0.9514824748039246 0.9764096736907959 
0.8965517282485962 0.9180790781974792 0.8760107755661011 0.9615012407302856 
0.9345549941062927 0.9083969593048096 0.9622641801834106 0.9771615862846375 
0.9201030731201172 0.8814814686775208 0.9622641801834106 0.9562157988548279 
0.9293193817138672 0.9033079147338867 0.9568732976913452 0.9639424085617065 
0.9361147284507751 0.9065656661987305 0.9676550030708313 0.9777646064758301 
0.9411764740943909 0.9336870312690735 0.9487870335578918 0.9707645177841187 
0.9401041865348816 0.9093198776245117 0.973045825958252 0.9791631698608398 
0.958164632320404 0.9594594836235046 0.9568732976913452 0.9782368540763855 
0.9517426490783691 0.9466666579246521 0.9568732976913452 0.9683452248573303 
0.9236739873886108 0.888059675693512 0.9622641801834106 0.9593689441680908 
0.9301075339317322 0.9276139140129089 0.9326145648956299 0.9541415572166443 
0.9371727705001831 0.910941481590271 0.9649595618247986 0.9580467343330383 
0.9336870312690735 0.9190600514411926 0.9487870335578918 0.9614795446395874 
0.9433465003967285 0.9226804375648499 0.9649595618247986 0.9715637564659119 
0.9208053946495056 0.9171122908592224 0.9245283007621765 0.9598230123519897 
0.9316129088401794 0.8935643434524536 0.973045825958252 0.9555473923683167 
0.9354413747787476 0.9149484634399414 0.9568732976913452 0.9676695466041565 
0.9331585764884949 0.9081632494926453 0.9595687389373779 0.9681926369667053 
0.9335106611251831 0.9212598204612732 0.9460916519165039 0.9677494764328003 
0.8997214436531067 0.9308357238769531 0.8706199526786804 0.9563502073287964 
0.9416553378105164 0.9480874538421631 0.9353099465370178 0.9670011401176453 
0.8176291584968567 0.9372822046279907 0.7250673770904541 0.9356077909469604 
0.9353099465370178 0.9353099465370178 0.9353099465370178 0.965257465839386 
0.9194444417953491 0.9484240412712097 0.8921833038330078 0.966659665107727 
0.9349269866943359 0.9214659929275513 0.9487870335578918 0.9556092023849487 
0.9384010434150696 0.9132652878761292 0.9649595618247986 0.9737869501113892 
0.9024081230163574 0.8516746163368225 0.9595687389373779 0.9318081140518188 
0.8191653490066528 0.9601449370384216 0.7142857313156128 0.9529391527175903 
0.9449664354324341 0.9411764740943909 0.9487870335578918 0.9726607799530029 
0.941644549369812 0.9268929362297058 0.9568732976913452 0.9662673473358154 
0.9333333373069763 0.9627507328987122 0.9056603908538818 0.9717308282852173 
0.9637584090232849 0.9598930478096008 0.9676550030708313 0.9736052751541138 
0.9427430033683777 0.9315789341926575 0.9541779160499573 0.956720769405365 
0.7251655459403992 0.9399141669273376 0.5902965068817139 0.948162317276001 
0.9337016344070435 0.9575070738792419 0.9110512137413025 0.9630451202392578 
0.9358799457550049 0.9475138187408447 0.9245283007621765 0.9661002159118652 
0.9497964978218079 0.9562841653823853 0.9433962106704712 0.9723411202430725 
0.9336870312690735 0.9190600514411926 0.9487870335578918 0.96830153465271 
0.8805755376815796 0.9444444179534912 0.8247978687286377 0.9666705131530762 
0.9303547739982605 0.9076923131942749 0.9541779160499573 0.9537165760993958 
0.9456953406333923 0.9296875 0.9622641801834106 0.9691661596298218 
0.936170220375061 0.9238845109939575 0.9487870335578918 0.9621080160140991 
0.9485095143318176 0.9536784887313843 0.9433962106704712 0.9729150533676147 
0.9526386857032776 0.95652174949646 0.9487870335578918 0.9811757206916809 
0.9516128897666931 0.9490616917610168 0.9541779160499573 0.970757246017456 
0.9452603459358215 0.9365079402923584 0.9541779160499573 0.962848961353302 
0.9376693964004517 0.9427793025970459 0.9326145648956299 0.9687883853912354 
0.9539295434951782 0.9591280817985535 0.9487870335578918 0.9851897358894348 
0.9535518884658813 0.9667590260505676 0.9407008290290833 0.9641748666763306 
0.9513513445854187 0.9539295434951782 0.9487870335578918 0.9648832678794861 
0.9436997175216675 0.9386666417121887 0.9487870335578918 0.9678148031234741 
0.9408602118492126 0.9383378028869629 0.9433962106704712 0.9577814936637878 
0.9495224952697754 0.9613259434700012 0.9380053877830505 0.9863340258598328 
0.9414966106414795 0.9505494236946106 0.9326145648956299 0.9746078848838806 
0.9508196711540222 0.9639889001846313 0.9380053877830505 0.9760899543762207 
0.9414966106414795 0.9505494236946106 0.9326145648956299 0.9702051281929016 
0.9479451775550842 0.9637883305549622 0.9326145648956299 0.9755232930183411 
0.9466484189033508 0.9611111283302307 0.9326145648956299 0.9764750599861145 
