0.7241479754447937 0.6413828730583191 0.8314381241798401 0.7098345756530762 
0.7546948194503784 0.6722425222396851 0.8602006435394287 0.7251712679862976 
0.7359384298324585 0.6601168513298035 0.8314381241798401 0.7302218675613403 
0.7313783168792725 0.6511749625205994 0.8341137170791626 0.7156206369400024 
0.7447698712348938 0.6731496453285217 0.8334448337554932 0.7401758432388306 
0.7454981803894043 0.676102340221405 0.8307692408561707 0.7478457689285278 
0.7441441416740417 0.675204336643219 0.8287625312805176 0.7404850125312805 
0.7442417144775391 0.673160195350647 0.8321070075035095 0.7334964871406555 
0.7433090209960938 0.6815392971038818 0.8173912763595581 0.7379735708236694 
0.7401012182235718 0.6668455004692078 0.8314381241798401 0.735400915145874 
0.7398449778556824 0.6895954012870789 0.7979933023452759 0.7376362085342407 
0.7504531741142273 0.684297502040863 0.8307692408561707 0.7451509237289429 
0.754498302936554 0.693385660648346 0.8274247646331787 0.7529804110527039 
0.7344409823417664 0.6342412233352661 0.8722407817840576 0.7249605655670166 
0.752439022064209 0.691316545009613 0.8254180550575256 0.7565159201622009 
0.7503781914710999 0.6850828528404236 0.829431414604187 0.7561351656913757 
0.7411545515060425 0.6913723349571228 0.7986621856689453 0.7380061149597168 
0.7648640871047974 0.6911447048187256 0.8561872839927673 0.7554433941841125 
0.7567237019538879 0.6966797709465027 0.8280936479568481 0.7485471367835999 
0.74931800365448 0.6851441264152527 0.8267558813095093 0.7426384687423706 
0.7644334435462952 0.7098624110221863 0.8280936479568481 0.7643412947654724 
0.7521989941596985 0.6881242990493774 0.829431414604187 0.7490547299385071 
0.7480829358100891 0.6500493288040161 0.8809364438056946 0.7330260276794434 
0.7501508593559265 0.6833425164222717 0.8314381241798401 0.7423753142356873 
0.7584526538848877 0.6963087320327759 0.832775890827179 0.7616782188415527 
0.7476635575294495 0.6805707812309265 0.829431414604187 0.7503247261047363 
0.7550711631774902 0.689712405204773 0.8341137170791626 0.7562800645828247 
0.7541183829307556 0.693213701248169 0.8267558813095093 0.7564367055892944 
0.7706093192100525 0.6961683630943298 0.8628762364387512 0.769777774810791 
0.765573263168335 0.695842444896698 0.8508360981941223 0.7664375305175781 
0.7610673308372498 0.6960621476173401 0.8394649028778076 0.7697010636329651 
0.7608959078788757 0.6948590278625488 0.8408026695251465 0.7641370892524719 
0.7621065378189087 0.6959646344184875 0.8421404957771301 0.7627708911895752 
0.7493196129798889 0.6837748289108276 0.8287625312805176 0.7474715113639832 
0.7632379531860352 0.7001674771308899 0.8387959599494934 0.772591769695282 
0.75847327709198 0.697752833366394 0.8307692408561707 0.7572633624076843 
0.7540285587310791 0.6911928653717041 0.829431414604187 0.7465609908103943 
0.7590977549552917 0.6896175146102905 0.8441471457481384 0.7539336681365967 
0.7577413320541382 0.6937187314033508 0.834782600402832 0.7656916975975037 
0.7645974159240723 0.7072200179100037 0.8321070075035095 0.7708325386047363 
0.7678309082984924 0.6841003894805908 0.8749163746833801 0.7676773071289062 
0.7634803652763367 0.7043527364730835 0.8334448337554932 0.775536298751831 
0.7606496810913086 0.7019230723381042 0.8301003575325012 0.7595238089561462 
0.7582451105117798 0.6922652125358582 0.838127076625824 0.7613398432731628 
0.7664493322372437 0.6881319880485535 0.8648829460144043 0.7683849334716797 
0.758977472782135 0.696259081363678 0.8341137170791626 0.7709769010543823 
0.7579137682914734 0.6899012327194214 0.8408026695251465 0.7548521757125854 
0.7552616000175476 0.6859639286994934 0.840133786201477 0.7560921907424927 
0.7378029823303223 0.696789562702179 0.7839465141296387 0.7528456449508667 
0.7553287148475647 0.6851851940155029 0.8414715528488159 0.7539215087890625 
0.7585373520851135 0.6918412446975708 0.8394649028778076 0.7573789954185486 
0.7572463750839233 0.6901485919952393 0.8387959599494934 0.7535228133201599 
0.7619915008544922 0.6976097822189331 0.8394649028778076 0.7560208439826965 
0.7608366012573242 0.6956762671470642 0.8394649028778076 0.7588427066802979 
0.7560756206512451 0.6855277419090271 0.8428093791007996 0.7571015954017639 
0.7536665797233582 0.6820151805877686 0.8421404957771301 0.7351783514022827 
0.7568555474281311 0.6950196027755737 0.8307692408561707 0.7432693243026733 
0.7599999904632568 0.6947368383407593 0.8387959599494934 0.7574015855789185 
0.7639354467391968 0.7013422846794128 0.8387959599494934 0.759361743927002 
0.7602905631065369 0.6943062543869019 0.840133786201477 0.7620082497596741 
0.7534493207931519 0.6829798817634583 0.840133786201477 0.7548322677612305 
0.749241054058075 0.6859366297721863 0.8254180550575256 0.7414056062698364 
0.7550151944160461 0.6919220089912415 0.8307692408561707 0.7466353178024292 
0.7518072128295898 0.6838356256484985 0.834782600402832 0.742436408996582 
0.7561709880828857 0.6874657869338989 0.840133786201477 0.7513577342033386 
0.7507525682449341 0.682539701461792 0.8341137170791626 0.7352736592292786 
0.7642375826835632 0.7046866416931152 0.834782600402832 0.760398268699646 
0.7595396637916565 0.693967878818512 0.8387959599494934 0.7576482892036438 
