0.7570188641548157 0.8703051805496216 0.6698283553123474 0.888624370098114 
0.8443772792816162 0.8085985779762268 0.8834688067436218 0.8970500230789185 
0.8739784955978394 0.8341543674468994 0.9177958369255066 0.9164720773696899 
0.8169918656349182 0.901362419128418 0.7470641136169434 0.9153146743774414 
0.8954012393951416 0.8937893509864807 0.8970189690589905 0.9298498034477234 
0.8235294222831726 0.9093886613845825 0.7524842023849487 0.9267085790634155 
0.8740741014480591 0.896486222743988 0.8527551889419556 0.9332152009010315 
0.8996677994728088 0.8826597332954407 0.9173441529273987 0.932751476764679 
0.8598173260688782 0.8693444132804871 0.8504968285560608 0.9171756505966187 
0.7199781537055969 0.9096551537513733 0.5957542657852173 0.9115440845489502 
0.7518033385276794 0.9202092885971069 0.6355013847351074 0.9225010871887207 
0.8396803140640259 0.8754901885986328 0.8066847324371338 0.9114606380462646 
0.8672123551368713 0.8731684684753418 0.8613369464874268 0.927193284034729 
0.8466055989265442 0.8820362091064453 0.813911497592926 0.9227657914161682 
0.8990493416786194 0.9010889530181885 0.8970189690589905 0.93617844581604 
0.8867883086204529 0.8638115525245667 0.9110207557678223 0.9300714135169983 
0.8426323533058167 0.8924242258071899 0.7981029748916626 0.9271705150604248 
0.8695651888847351 0.9172932505607605 0.8265582919120789 0.9394581317901611 
0.8805901408195496 0.8992466926574707 0.8626919388771057 0.9301685690879822 
0.875204861164093 0.9086047410964966 0.8441734313964844 0.932781994342804 
0.8560569882392883 0.9028056263923645 0.813911497592926 0.9383214712142944 
0.860896110534668 0.8955588340759277 0.8288165926933289 0.9353004097938538 
0.822624683380127 0.912493109703064 0.748870849609375 0.9260663390159607 
0.8903480172157288 0.8636942505836487 0.9186992049217224 0.9289158582687378 
0.885520339012146 0.8871260285377502 0.8839204907417297 0.9328135848045349 
0.864665150642395 0.8846880793571472 0.8455284833908081 0.9322599172592163 
0.8994547724723816 0.8696752190589905 0.9313459992408752 0.9332618117332458 
0.9018198251724243 0.8971837162971497 0.9065040946006775 0.9410963654518127 
0.8938348293304443 0.8810881972312927 0.9069557189941406 0.9228233098983765 
0.8837528824806213 0.8956400752067566 0.8721770644187927 0.9252703189849854 
0.8523266911506653 0.8983983993530273 0.8107497692108154 0.9296684265136719 
0.8849438428878784 0.8805903196334839 0.8893405795097351 0.9196304678916931 
0.8977323174476624 0.8839755058288574 0.9119241237640381 0.9306562542915344 
0.8941704034805298 0.8878005146980286 0.9006323218345642 0.9318998456001282 
0.8705992102622986 0.89975905418396 0.8432701230049133 0.9351043701171875 
0.8956364989280701 0.8920251131057739 0.8992773294448853 0.9346214532852173 
0.9002659320831299 0.8838120102882385 0.9173441529273987 0.9344501495361328 
0.884393036365509 0.8708406090736389 0.8983739614486694 0.9295938014984131 
0.8946050405502319 0.9017897844314575 0.8875339031219482 0.9320774674415588 
0.907403290271759 0.8883600234985352 0.9272809624671936 0.9378786087036133 
0.9004952907562256 0.8976660966873169 0.9033423662185669 0.9356743097305298 
0.9064105153083801 0.8965974450111389 0.9164408445358276 0.9383109211921692 
0.8807718753814697 0.896213173866272 0.8658536672592163 0.9345659613609314 
0.8937317728996277 0.8891372084617615 0.8983739614486694 0.9373176097869873 
0.894841730594635 0.8775510191917419 0.9128274321556091 0.9340096712112427 
0.8712595701217651 0.8955650925636292 0.848238468170166 0.9364285469055176 
0.8984463214874268 0.8958239555358887 0.9010840058326721 0.9413325786590576 
0.8845365643501282 0.8920533061027527 0.8771454095840454 0.9360699653625488 
0.8808813691139221 0.8954736590385437 0.8667569756507874 0.9262450933456421 
0.8743928074836731 0.896159291267395 0.8536585569381714 0.9353955984115601 
0.8971193432807922 0.9083333611488342 0.8861788511276245 0.9451496601104736 
0.8858720660209656 0.9029080867767334 0.86946702003479 0.9384666681289673 
0.8583015203475952 0.9095045328140259 0.8125564455986023 0.938684344291687 
0.8842443823814392 0.8995327353477478 0.86946702003479 0.936255693435669 
0.8733485341072083 0.880974292755127 0.8658536672592163 0.9314092397689819 
0.8982222080230713 0.8840770125389099 0.9128274321556091 0.9433082938194275 
0.8972679972648621 0.8970654606819153 0.8974706530570984 0.9396452903747559 
0.8648269176483154 0.896702229976654 0.8351399898529053 0.9368904829025269 
0.8729672431945801 0.9127649068832397 0.836495041847229 0.9423611760139465 
0.8996633291244507 0.8942436575889587 0.9051490426063538 0.9381240606307983 
0.8687762022018433 0.8958733081817627 0.8432701230049133 0.934449315071106 
0.8887372016906738 0.8954607844352722 0.8821138143539429 0.9332913160324097 
0.8520028591156006 0.9084398746490479 0.8021680116653442 0.9365777373313904 
0.8695248961448669 0.8929081559181213 0.847335159778595 0.9350070953369141 
0.8822714686393738 0.902266263961792 0.8631436228752136 0.9392662048339844 
0.8430033922195435 0.9157838821411133 0.7809394598007202 0.9387295842170715 
0.8906002044677734 0.8932303786277771 0.8879855275154114 0.9381477236747742 
0.8845346570014954 0.9146165251731873 0.8563685417175293 0.9463231563568115 
0.8698061108589172 0.8895184397697449 0.8509485125541687 0.9327020645141602 
0.8977635502815247 0.9072878360748291 0.8884372115135193 0.942192554473877 
0.9007187485694885 0.895889163017273 0.9056007266044617 0.941429615020752 
0.8249749541282654 0.927282989025116 0.7429990768432617 0.9377671480178833 
0.8855065703392029 0.8907678127288818 0.880307137966156 0.9357377290725708 
0.8838268518447876 0.8915441036224365 0.8762421011924744 0.9366707801818848 
0.8828413486480713 0.9019792675971985 0.8644986152648926 0.9417660236358643 
0.8780375719070435 0.891526997089386 0.8649502992630005 0.9354701638221741 
0.8955091238021851 0.8817863464355469 0.9096657633781433 0.9382756352424622 
0.8804448843002319 0.9039010405540466 0.8581752777099609 0.9363665580749512 
0.8986021876335144 0.8831225633621216 0.9146341681480408 0.9255182147026062 
0.8603485226631165 0.9124050736427307 0.813911497592926 0.9390571117401123 
