0.7915058135986328 0.7218309640884399 0.8760683536529541 0.8457702994346619 
0.8831169009208679 0.8947368264198303 0.8717948794364929 0.9207848906517029 
0.8888888955116272 0.9066666960716248 0.8717948794364929 0.9213236570358276 
0.8659793734550476 0.8366534113883972 0.8974359035491943 0.920647919178009 
0.9047619104385376 0.9166666865348816 0.8931623697280884 0.9403170347213745 
0.8938053250312805 0.9266055226325989 0.8632478713989258 0.9327379465103149 
0.8840262293815613 0.9058296084403992 0.8632478713989258 0.9236430525779724 
0.7777777910232544 0.894444465637207 0.688034176826477 0.902640700340271 
0.8616071343421936 0.9018691778182983 0.8247863054275513 0.9274691343307495 
0.8745098114013672 0.8079710006713867 0.9529914259910583 0.9074439406394958 
0.8677685856819153 0.8399999737739563 0.8974359035491943 0.9240357875823975 
0.8836206793785095 0.8913043737411499 0.8760683536529541 0.9140915870666504 
0.901467502117157 0.8847736716270447 0.9188033938407898 0.9219172596931458 
0.8410041928291321 0.8237704634666443 0.8589743375778198 0.8973445892333984 
0.7897196412086487 0.8711340427398682 0.7222222089767456 0.9174702167510986 
0.8408644199371338 0.778181791305542 0.9145299196243286 0.912429690361023 
0.8714597225189209 0.8888888955116272 0.8547008633613586 0.9190682172775269 
0.859649121761322 0.8828828930854797 0.8376068472862244 0.9271312355995178 
0.8314606547355652 0.8767772316932678 0.7905982732772827 0.9098546504974365 
0.8908296823501587 0.9107142686843872 0.8717948794364929 0.9533840417861938 
0.8668171763420105 0.9186602830886841 0.8205128312110901 0.9447184205055237 
0.8744394779205322 0.9198113083839417 0.8333333134651184 0.9501789212226868 
0.8565488457679749 0.8340080976486206 0.8803418874740601 0.9169314503669739 
0.8382688164710999 0.8975609540939331 0.7863247990608215 0.925642728805542 
0.8321838974952698 0.9004974961280823 0.7735042572021484 0.9308204054832458 
0.8310502171516418 0.8921568393707275 0.7777777910232544 0.9162466526031494 
0.8708971738815308 0.8923766613006592 0.8504273295402527 0.9411935806274414 
0.8651911616325378 0.8174905180931091 0.9188033938407898 0.9255606532096863 
0.8779443502426147 0.8798283338546753 0.8760683536529541 0.9396778345108032 
0.9118942618370056 0.9409090876579285 0.8846153616905212 0.9540871977806091 
0.8183907866477966 0.8855721354484558 0.7606837749481201 0.9300990700721741 
0.8482142686843872 0.8878504633903503 0.811965823173523 0.9330301284790039 
0.8678414225578308 0.8954545259475708 0.8418803215026855 0.9389381408691406 
0.8526785969734192 0.8925233483314514 0.8162392973899841 0.9390112161636353 
0.8362832069396973 0.8669725060462952 0.807692289352417 0.9137263298034668 
