0.8162519931793213 0.712350606918335 0.9556387066841125 0.7778958678245544 
0.8139764666557312 0.7094809412956238 0.9545697569847107 0.7622370719909668 
0.8208154439926147 0.7202420830726624 0.9540352821350098 0.7756581902503967 
0.8183773756027222 0.7194380760192871 0.9488686919212341 0.7889533042907715 
0.8217601180076599 0.7216981053352356 0.9540352821350098 0.7853319048881531 
0.8209961652755737 0.7203173041343689 0.954391598701477 0.7713199257850647 
0.8050081729888916 0.6890298128128052 0.9679315686225891 0.7703642845153809 
0.8210132122039795 0.7306196093559265 0.9369321465492249 0.7871336340904236 
0.7986710667610168 0.6819213032722473 0.9636557698249817 0.7777601480484009 
0.8196078538894653 0.7321003079414368 0.930874764919281 0.7934041023254395 
0.8195114731788635 0.7186408638954163 0.9533226490020752 0.7770661115646362 
0.8254313468933105 0.732110857963562 0.9460181593894958 0.7888671159744263 
0.8200172781944275 0.7334176301956177 0.9298058152198792 0.7948954105377197 
0.8212427496910095 0.7197853922843933 0.9559950232505798 0.7874626517295837 
0.8323184847831726 0.7407252788543701 0.9497594833374023 0.8087888956069946 
0.8256255388259888 0.7304002046585083 0.9494031667709351 0.8158400654792786 
0.8320025205612183 0.7420751452445984 0.9467307925224304 0.8200888633728027 
0.8345255851745605 0.7467641830444336 0.9456618428230286 0.8151622414588928 
0.828103244304657 0.7313310503959656 0.954391598701477 0.7933891415596008 
0.83274245262146 0.7464689016342163 0.9415642023086548 0.8005131483078003 
0.8352335095405579 0.7435006499290466 0.9527881741523743 0.8157005310058594 
0.8305362462997437 0.7390941977500916 0.9477997422218323 0.7984583973884583 
0.8269186019897461 0.7313698530197144 0.9511847496032715 0.7994562387466431 
0.834985077381134 0.7475003600120544 0.9456618428230286 0.8113335371017456 
0.8413022756576538 0.7530620694160461 0.9529663324356079 0.8154294490814209 
0.833294153213501 0.7439126968383789 0.9470871090888977 0.7985472679138184 
0.8370627164840698 0.7503884434700012 0.9463744759559631 0.8093782663345337 
0.8368359208106995 0.749576985836029 0.9470871090888977 0.79988694190979 
0.8309518098831177 0.7396441698074341 0.9479779005050659 0.8063573837280273 
0.8378399610519409 0.7514140009880066 0.9467307925224304 0.8114621639251709 
0.8371875286102295 0.7455127239227295 0.9545697569847107 0.8116374015808105 
0.8370335102081299 0.7498942017555237 0.9470871090888977 0.8129394054412842 
0.8361688852310181 0.7493999600410461 0.9456618428230286 0.8034532070159912 
0.834344208240509 0.7478113770484924 0.9435239434242249 0.8094412684440613 
0.8226167559623718 0.7463358044624329 0.9162657856941223 0.8220211863517761 
0.8344122767448425 0.7420921325683594 0.9529663324356079 0.8089662790298462 
0.8357997536659241 0.7486955523490906 0.9458400011062622 0.8354357481002808 
0.8333333134651184 0.746300220489502 0.9433457851409912 0.8189324736595154 
0.836458146572113 0.7497528791427612 0.9458400011062622 0.8269774317741394 
0.8331114649772644 0.7432923316955566 0.9476215839385986 0.8267834186553955 
0.833871066570282 0.7468283176422119 0.9438802599906921 0.8079986572265625 
0.8372715711593628 0.7503882646560669 0.9469089508056641 0.8104678988456726 
0.8063739538192749 0.7548166513442993 0.8654908537864685 0.804653525352478 
0.7882455587387085 0.667201578617096 0.9629431962966919 0.7713555097579956 
0.8240435719490051 0.7232840061187744 0.957420289516449 0.8020784258842468 
0.8344475030899048 0.7469726800918579 0.9451273679733276 0.8236802220344543 
0.8321305513381958 0.7433777451515198 0.944949209690094 0.7986956834793091 
0.8295002579689026 0.7374549508094788 0.9477997422218323 0.8173733949661255 
0.83163982629776 0.7408438920974731 0.9477997422218323 0.8243650197982788 
0.8243513107299805 0.7242681980133057 0.9565294981002808 0.8298704028129578 
0.8390642404556274 0.7500351071357727 0.9520755410194397 0.8424140214920044 
0.8355576395988464 0.7434722185134888 0.9536789655685425 0.8256273865699768 
0.837011992931366 0.7485248446464539 0.9492250084877014 0.8320029973983765 
0.8347191214561462 0.740215003490448 0.956885814666748 0.8082740902900696 
0.8351268768310547 0.7468389868736267 0.9470871090888977 0.795862078666687 
0.8373108506202698 0.7446247935295105 0.9563513398170471 0.8121204972267151 
0.8301239609718323 0.7380094528198242 0.9485123753547668 0.8052878975868225 
0.8282954096794128 0.7359822988510132 0.9470871090888977 0.8067867755889893 
0.8363750576972961 0.7462957501411438 0.9511847496032715 0.8095265030860901 
0.830485999584198 0.7386899590492249 0.9483342170715332 0.8041874766349792 
0.8199063539505005 0.739335834980011 0.9201852679252625 0.8273352384567261 
0.828156054019928 0.7473472952842712 0.9285587072372437 0.8274134993553162 
0.8336465954780579 0.743815541267395 0.9481560587882996 0.8350616097450256 
0.834613561630249 0.7451364398002625 0.9485123753547668 0.8360942602157593 
0.8332030773162842 0.7422364354133606 0.9495813250541687 0.8417967557907104 
0.8269866704940796 0.7277281284332275 0.9575984477996826 0.836810827255249 
0.8362922072410583 0.7479274868965149 0.9483342170715332 0.8431451320648193 
0.8346183896064758 0.7473580241203308 0.944949209690094 0.8320053815841675 
0.8356121182441711 0.7475045919418335 0.9472652673721313 0.8360553979873657 
0.8363550901412964 0.747474730014801 0.9492250084877014 0.838804304599762 
0.8313817381858826 0.7398916482925415 0.9486905336380005 0.8302524089813232 
0.835008978843689 0.742172360420227 0.954391598701477 0.8171319961547852 
0.8369641900062561 0.7492255568504333 0.9479779005050659 0.8303511142730713 
0.8284570574760437 0.7294915318489075 0.9584892392158508 0.8280707001686096 
0.828450620174408 0.728760838508606 0.9597363471984863 0.8244877457618713 
0.8288246393203735 0.7352089285850525 0.9497594833374023 0.8058857917785645 
0.8264789581298828 0.743137538433075 0.930874764919281 0.8052216172218323 
0.8294860124588013 0.7300555109977722 0.9602708220481873 0.8106011748313904 
0.8245317935943604 0.7243425250053406 0.956885814666748 0.8233712315559387 
0.838172972202301 0.7490531802177429 0.9513629078865051 0.8358824849128723 
0.8303976655006409 0.7306442856788635 0.9616960883140564 0.8170899152755737 
0.839599609375 0.7528979182243347 0.9488686919212341 0.8392660617828369 
0.8348860740661621 0.7446927428245544 0.949937641620636 0.8376373052597046 
0.7912654280662537 0.6887539625167847 0.9296276569366455 0.7837091684341431 
0.8327149152755737 0.7354909181594849 0.9595581889152527 0.8314681649208069 
0.8375468254089355 0.7451062202453613 0.9561731815338135 0.8262560367584229 
0.8354567885398865 0.740735650062561 0.9579547643661499 0.8085774183273315 
0.8365642428398132 0.7500353455543518 0.9456618428230286 0.8127169013023376 
0.8361995220184326 0.7423321604728699 0.9572421312332153 0.8141026496887207 
0.8333982825279236 0.7409204244613647 0.9522536993026733 0.8206297755241394 
0.8334881067276001 0.7366981506347656 0.9595581889152527 0.8374081254005432 
0.8355799317359924 0.7459073662757874 0.9497594833374023 0.8222774267196655 
0.8322844505310059 0.7451753616333008 0.942454993724823 0.8050633668899536 
0.8366583585739136 0.7435932755470276 0.9563513398170471 0.8021149635314941 
0.834052562713623 0.7452327609062195 0.9469089508056641 0.8099266886711121 
0.8395022749900818 0.75613933801651 0.9435239434242249 0.8210862874984741 
0.8356558680534363 0.7421183586120605 0.9561731815338135 0.817009687423706 
0.8317077159881592 0.7353867292404175 0.9570639729499817 0.8094255328178406 
0.837914228439331 0.7491925358772278 0.9504721164703369 0.8138840794563293 
0.8364230990409851 0.743114173412323 0.9565294981002808 0.8085740208625793 
0.8337469100952148 0.738157331943512 0.9577766060829163 0.8123500347137451 
0.742193877696991 0.6856970191001892 0.8088366389274597 0.779880940914154 
0.7539920210838318 0.707065999507904 0.8075895309448242 0.7928943634033203 
0.8319580554962158 0.7334783673286438 0.9609834551811218 0.8124852180480957 
0.8187845349311829 0.7350148558616638 0.9241047501564026 0.8034773468971252 
0.7428290247917175 0.6878130435943604 0.8074113726615906 0.7932193279266357 
0.7598997354507446 0.715431809425354 0.8102619051933289 0.7971975207328796 
0.7329487800598145 0.6995951533317566 0.7696418762207031 0.778203010559082 
0.7575605511665344 0.7132295370101929 0.8077676892280579 0.80205899477005 
0.7544850707054138 0.7067061066627502 0.809192955493927 0.7907875776290894 
0.7594516277313232 0.7116163372993469 0.814181387424469 0.797981858253479 
0.8271418213844299 0.7471974492073059 0.9262426495552063 0.8381940722465515 
0.827661395072937 0.7351964712142944 0.9467307925224304 0.8349924087524414 
0.8315584659576416 0.7375896573066711 0.9529663324356079 0.8122149109840393 
0.8267190456390381 0.7395950555801392 0.9371103048324585 0.8062300682067871 
0.8373006582260132 0.7488757967948914 0.9494031667709351 0.8208329677581787 
0.8211628794670105 0.7153815627098083 0.9636557698249817 0.8205724358558655 
0.832364559173584 0.7366254925727844 0.9567076563835144 0.8181436061859131 
0.8282639384269714 0.7365792989730835 0.9460181593894958 0.8126208186149597 
0.8369235396385193 0.742616593837738 0.9586673974990845 0.8206780552864075 
0.8334494829177856 0.7370583415031433 0.9588455557823181 0.8136112093925476 
0.8382627367973328 0.7442985773086548 0.959380030632019 0.8169627785682678 
0.840829074382782 0.7494422793388367 0.9575984477996826 0.8171841502189636 
0.836457371711731 0.7446808218955994 0.9540352821350098 0.8385414481163025 
0.8290302157402039 0.7426314949989319 0.9381792545318604 0.8386447429656982 
0.8330604434013367 0.7407099008560181 0.9517192244529724 0.8313045501708984 
0.8375721573829651 0.7450381517410278 0.9563513398170471 0.8445507287979126 
0.8394441604614258 0.7504211068153381 0.952431857585907 0.8443247675895691 
0.8393345475196838 0.747287929058075 0.9572421312332153 0.8455269932746887 
0.8349665403366089 0.7409247756004333 0.9563513398170471 0.8387112617492676 
0.830240786075592 0.7287656664848328 0.9645465612411499 0.8326318860054016 
0.8364965915679932 0.7423719167709351 0.9579547643661499 0.8450480103492737 
0.8325735926628113 0.7350614070892334 0.95991450548172 0.8376768231391907 
0.8373498916625977 0.7409489750862122 0.9625868797302246 0.8261386156082153 
0.832880973815918 0.7374347448348999 0.9567076563835144 0.8295890092849731 
0.8372347354888916 0.7448285222053528 0.9558168649673462 0.8373194932937622 
0.8331267237663269 0.7370802164077759 0.9579547643661499 0.8304622769355774 
0.8345199823379517 0.7440010905265808 0.9501157999038696 0.8342899680137634 
0.8381056189537048 0.7455580234527588 0.956885814666748 0.8424479961395264 
0.8403098583221436 0.7491629719734192 0.9567076563835144 0.8501692414283752 
0.8336066007614136 0.7420072555541992 0.9510065913200378 0.8333039879798889 
0.8369235396385193 0.742616593837738 0.9586673974990845 0.8215130567550659 
0.8345924019813538 0.747427761554718 0.9447710514068604 0.8303708434104919 
0.8109230995178223 0.6949001550674438 0.973454475402832 0.8055075407028198 
0.8218837380409241 0.7288766503334045 0.9420986771583557 0.8328408002853394 
0.8408805131912231 0.7524975538253784 0.9527881741523743 0.847870409488678 
0.8361466526985168 0.7474733591079712 0.9486905336380005 0.8459725379943848 
0.8340030908584595 0.7364541888237 0.9613397717475891 0.8336925506591797 
0.8402403593063354 0.7476388812065125 0.9590237140655518 0.832954466342926 
0.8403919339179993 0.755075991153717 0.947443425655365 0.844427227973938 
0.839884340763092 0.7480512261390686 0.957420289516449 0.8350192308425903 
0.8380937576293945 0.7472788095474243 0.9540352821350098 0.8326392769813538 
0.8344762921333313 0.7416539788246155 0.9538571238517761 0.8457480669021606 
0.8318877220153809 0.7462158799171448 0.9397826194763184 0.8454066514968872 
0.8341899514198303 0.749928891658783 0.9397826194763184 0.8359376192092896 
0.8348029851913452 0.7427103519439697 0.9529663324356079 0.846157968044281 
0.8386846780776978 0.7426177859306335 0.9632995128631592 0.8291698694229126 
0.8366855382919312 0.7416024208068848 0.9597363471984863 0.8437319397926331 
0.8372237086296082 0.7412798404693604 0.9616960883140564 0.8421313762664795 
0.8397256135940552 0.7465003728866577 0.9595581889152527 0.8419363498687744 
0.8405411839485168 0.7490939497947693 0.957420289516449 0.8501729965209961 
0.8307621479034424 0.7297734618186951 0.9641902446746826 0.8371445536613464 
0.8363664746284485 0.7397260069847107 0.9620524048805237 0.8425873517990112 
0.8323545455932617 0.7425258159637451 0.9469089508056641 0.8402824401855469 
0.8394160866737366 0.743977963924408 0.9629431962966919 0.8457911014556885 
0.8376694321632385 0.7442214488983154 0.9579547643661499 0.842782199382782 
0.8386845588684082 0.7453941106796265 0.9586673974990845 0.8478689193725586 
0.8362559676170349 0.7432807087898254 0.9558168649673462 0.8479599356651306 
0.8389344811439514 0.7419531345367432 0.9650810360908508 0.8449125289916992 
0.8422371745109558 0.7515727877616882 0.9577766060829163 0.8491412401199341 
0.8212059736251831 0.7097611427307129 0.9741671085357666 0.827101469039917 
0.8181031346321106 0.7327975034713745 0.925886332988739 0.8084421157836914 
0.8196799159049988 0.7352192401885986 0.9260644912719727 0.8356214761734009 
0.8400623798370361 0.7467091679573059 0.9600926637649536 0.8368473649024963 
0.8397610187530518 0.7438822984695435 0.964012086391449 0.830830454826355 
0.8255305886268616 0.7344161868095398 0.942454993724823 0.8161983489990234 
0.8394160866737366 0.743977963924408 0.9629431962966919 0.8383075594902039 
0.8398995399475098 0.7505961656570435 0.9533226490020752 0.8479264974594116 
0.8384922742843628 0.748461127281189 0.9531444907188416 0.844150185585022 
0.8373555541038513 0.7492965459823608 0.9488686919212341 0.8424264788627625 
0.8336439728736877 0.7389508485794067 0.9561731815338135 0.8346689939498901 
0.8371984362602234 0.7452043294906616 0.9551042318344116 0.8497951030731201 
0.8293604254722595 0.7426035404205322 0.9390699863433838 0.8370279669761658 
0.8400279879570007 0.7448332905769348 0.9631213545799255 0.8452107310295105 
0.8372200727462769 0.7388578653335571 0.9657936692237854 0.8489198088645935 
0.8422365784645081 0.7489597797393799 0.9620524048805237 0.853229284286499 
0.8384996652603149 0.7420107126235962 0.9638339281082153 0.8194652795791626 
0.8351768255233765 0.7420068979263306 0.9551042318344116 0.8402013182640076 
0.8391098976135254 0.7428610920906067 0.964012086391449 0.8384276032447815 
0.8420069813728333 0.7473073601722717 0.9641902446746826 0.8392694592475891 
0.8411229252815247 0.7463428378105164 0.963477611541748 0.8387956023216248 
0.8419166207313538 0.748130738735199 0.9625868797302246 0.8415065407752991 
0.8362294435501099 0.7355606555938721 0.9688223600387573 0.8443583250045776 
0.8414614796638489 0.751435399055481 0.9559950232505798 0.841489851474762 
0.839701771736145 0.7443205118179321 0.9631213545799255 0.8455963134765625 
0.8392096161842346 0.7425945997238159 0.9647247195243835 0.8459746837615967 
0.8371300101280212 0.7407102584838867 0.962408721446991 0.8450815677642822 
0.8237544894218445 0.7453837394714355 0.9205415844917297 0.8262713551521301 
0.8278487324714661 0.7459273934364319 0.9299839735031128 0.8450199961662292 
0.840889573097229 0.7481254935264587 0.95991450548172 0.8512173891067505 
0.8346332907676697 0.7481638193130493 0.9437021017074585 0.8530747890472412 
0.8396875262260437 0.7477389574050903 0.957420289516449 0.8544712066650391 
0.8382284641265869 0.7432823777198792 0.9609834551811218 0.8504430055618286 
0.8378904461860657 0.7444629073143005 0.9581329226493835 0.8544129133224487 
0.8392442464828491 0.7422270774841309 0.9654373526573181 0.8568112850189209 
0.840740442276001 0.7485396265983582 0.9588455557823181 0.8564698100090027 
0.8359912633895874 0.7448112368583679 0.9526100158691406 0.8314743041992188 
0.8382766246795654 0.745936930179596 0.9567076563835144 0.8504768013954163 
0.8344122767448425 0.7420921325683594 0.9529663324356079 0.8470240235328674 
0.8317111730575562 0.7433702945709229 0.9438802599906921 0.8405802845954895 
0.8328754305839539 0.744456946849823 0.9451273679733276 0.8415817618370056 
0.8371289372444153 0.7484903931617737 0.9495813250541687 0.8466315269470215 
0.8384320735931396 0.7474888563156128 0.9545697569847107 0.8446432948112488 
0.8411580324172974 0.7499651312828064 0.9575984477996826 0.8425078988075256 
0.8434430360794067 0.7498960494995117 0.9636557698249817 0.8342669010162354 
0.8380522727966309 0.7437525987625122 0.9597363471984863 0.8210347890853882 
0.8396863341331482 0.7440836429595947 0.963477611541748 0.8277492523193359 
0.8347545266151428 0.7337925434112549 0.9679315686225891 0.8183605670928955 
0.8398885130882263 0.7427085041999817 0.9663281440734863 0.8480249047279358 
0.8406606316566467 0.7442339658737183 0.9657936692237854 0.8406857252120972 
0.8299641609191895 0.7257204055786133 0.9691786766052246 0.8219001293182373 
0.8304721117019653 0.7287155389785767 0.9652591943740845 0.8138086795806885 
0.8375261425971985 0.740487277507782 0.9638339281082153 0.8375443816184998 
0.8363494873046875 0.7413935661315918 0.9592018723487854 0.8176497220993042 
0.840552568435669 0.7479166388511658 0.959380030632019 0.8203099370002747 
0.8393341302871704 0.7422624230384827 0.9656155109405518 0.813292920589447 
0.8405008316040039 0.7457907795906067 0.9627650380134583 0.8387425541877747 
0.8374147415161133 0.7410506010055542 0.9625868797302246 0.8259395360946655 
0.8346052169799805 0.7413196563720703 0.9547479152679443 0.8416905999183655 
0.8375614881515503 0.745345950126648 0.9558168649673462 0.8167427778244019 
0.8363242745399475 0.7390294075012207 0.9631213545799255 0.8203677535057068 
0.8406000137329102 0.7455196976661682 0.963477611541748 0.8420284986495972 
0.8437255620956421 0.7514265775680542 0.96187424659729 0.8418393135070801 
0.8339030742645264 0.7393580675125122 0.9561731815338135 0.8125811815261841 
0.8435789346694946 0.7518472075462341 0.9608052968978882 0.8484517931938171 
0.8430725932121277 0.753898024559021 0.9561731815338135 0.8308783769607544 
0.8444235920906067 0.7517730593681335 0.9631213545799255 0.8490403294563293 
0.8412138223648071 0.75126051902771 0.9556387066841125 0.8300156593322754 
0.8310473561286926 0.7386064529418945 0.949937641620636 0.8273435235023499 
0.8387046456336975 0.7490196228027344 0.9527881741523743 0.8359997272491455 
0.8372963070869446 0.7443858981132507 0.9567076563835144 0.8549546003341675 
0.8409355878829956 0.7457276582717896 0.964012086391449 0.8549743890762329 
0.8333724141120911 0.7426142692565918 0.9494031667709351 0.8461191058158875 
0.8433585166931152 0.7486875057220459 0.9654373526573181 0.8537517786026001 
0.8418926000595093 0.7464866638183594 0.9652591943740845 0.8452168107032776 
0.8400342464447021 0.7453767657279968 0.9622305631637573 0.8279396295547485 
0.8393990993499756 0.7423640489578247 0.9656155109405518 0.8511805534362793 
0.8367652893066406 0.7509204149246216 0.9447710514068604 0.84275883436203 
0.8388962745666504 0.747353732585907 0.9559950232505798 0.8462744355201721 
0.8370237350463867 0.7462332844734192 0.9529663324356079 0.8436181545257568 
0.8457151651382446 0.7530606389045715 0.9643684029579163 0.8485934734344482 
0.84428471326828 0.7518786787986755 0.9625868797302246 0.8499177694320679 
0.8407375812530518 0.7462707161903381 0.9625868797302246 0.8451355695724487 
0.8418760299682617 0.7471010684967041 0.9641902446746826 0.8515002727508545 
0.8416550159454346 0.7468599081039429 0.964012086391449 0.8492001295089722 
0.843845009803772 0.7502079010009766 0.9641902446746826 0.8511862754821777 
0.8437597751617432 0.7519163489341736 0.9611616134643555 0.8517205715179443 
0.8428359627723694 0.7495837807655334 0.9625868797302246 0.8442513942718506 
0.8383458852767944 0.7480083703994751 0.9535008072853088 0.849632740020752 
0.8447585105895996 0.7552653551101685 0.9583110809326172 0.8563358783721924 
0.8406274318695068 0.75087571144104 0.9547479152679443 0.8554427027702332 
0.8390397429466248 0.7515510320663452 0.9495813250541687 0.8349233865737915 
0.8382905721664429 0.7475917935371399 0.9540352821350098 0.8461208939552307 
0.8421792984008789 0.7502785325050354 0.9597363471984863 0.8484926819801331 
0.8396647572517395 0.749231219291687 0.954926073551178 0.8494004607200623 
0.8417282700538635 0.747511088848114 0.9631213545799255 0.8280980587005615 
0.843056321144104 0.7489621043205261 0.9641902446746826 0.8412315845489502 
0.8376547694206238 0.7439833879470825 0.9583110809326172 0.8308678269386292 
0.8391152620315552 0.7433993220329285 0.9631213545799255 0.8451310396194458 
0.8284964561462402 0.7481332421302795 0.9282023906707764 0.8471497893333435 
0.8413814902305603 0.7561079263687134 0.9483342170715332 0.8584875464439392 
0.8393390774726868 0.7515851855278015 0.9502939581871033 0.8571587800979614 
0.8347646594047546 0.753841757774353 0.9351505637168884 0.856988787651062 
0.8268848657608032 0.7462001442909241 0.9271334409713745 0.8302961587905884 
0.8415446281433105 0.7509085536003113 0.9570639729499817 0.8522566556930542 
0.8427858948707581 0.7488577961921692 0.9636557698249817 0.8415547609329224 
0.8326724767684937 0.7503215670585632 0.9353287220001221 0.8486217856407166 
0.8390296697616577 0.7425240278244019 0.9643684029579163 0.8497425317764282 
0.8422124981880188 0.7516431212425232 0.9575984477996826 0.8555225133895874 
0.830069363117218 0.7316840887069702 0.9590237140655518 0.839263916015625 
0.8376068472862244 0.748039186000824 0.9515410661697388 0.8489481210708618 
0.838638186454773 0.7547385096549988 0.9435239434242249 0.8564472794532776 
0.8477069735527039 0.7558967471122742 0.9649028778076172 0.8565664291381836 
0.8374651670455933 0.7409184575080872 0.9629431962966919 0.8472224473953247 
0.842293918132782 0.7485113143920898 0.9629431962966919 0.8548168540000916 
0.8360655903816223 0.7496819496154785 0.944949209690094 0.8476182222366333 
0.8404403924942017 0.7439945340156555 0.9656155109405518 0.8479686975479126 
0.8407011032104492 0.7444032430648804 0.9656155109405518 0.8506494760513306 
0.8457757830619812 0.7522897720336914 0.9657936692237854 0.8532866835594177 
0.84026700258255 0.7444643378257751 0.9643684029579163 0.8468750715255737 
0.8405079245567322 0.7432562112808228 0.9670407772064209 0.8471226692199707 
0.8435099720954895 0.747113823890686 0.96846604347229 0.848954975605011 
0.8414199352264404 0.7446837425231934 0.9670407772064209 0.847159206867218 
0.8395974040031433 0.7514426708221436 0.9511847496032715 0.8415775299072266 
0.8391391634941101 0.7419575452804565 0.9656155109405518 0.8418620824813843 
0.8406045436859131 0.746919572353363 0.9611616134643555 0.850518524646759 
0.8439643383026123 0.7570013999938965 0.9535008072853088 0.8586917519569397 
0.8440709710121155 0.7492747902870178 0.9663281440734863 0.8540140390396118 
0.8404898643493652 0.7438606023788452 0.965971827507019 0.8508103489875793 
0.8409037590026855 0.7492337822914124 0.9581329226493835 0.8519468903541565 
0.7642222046852112 0.7222838997840881 0.8113308548927307 0.8055722713470459 
0.8429095149040222 0.7493762373924255 0.9631213545799255 0.8222575187683105 
0.7740641832351685 0.728874921798706 0.8252271413803101 0.8212756514549255 
0.8424839377403259 0.7508713006973267 0.9595581889152527 0.824039101600647 
0.8440324068069458 0.7499653697013855 0.9650810360908508 0.8410013318061829 
0.8432928919792175 0.7485840320587158 0.9654373526573181 0.843793511390686 
0.8417012691497803 0.7510483860969543 0.9572421312332153 0.8370444178581238 
0.8418502807617188 0.7497564554214478 0.9597363471984863 0.8448549509048462 
0.8406516909599304 0.7445375919342041 0.9652591943740845 0.8463491797447205 
0.8446922302246094 0.755159318447113 0.9583110809326172 0.8548119068145752 
0.8445519208908081 0.7511098980903625 0.9645465612411499 0.8512896299362183 
0.8464489579200745 0.7550991773605347 0.9629431962966919 0.8482711315155029 
0.8443333506584167 0.7517385482788086 0.9629431962966919 0.8496341705322266 
0.8412104249000549 0.7480926513671875 0.9608052968978882 0.8297014236450195 
0.8368008732795715 0.7525612115859985 0.9422768354415894 0.85329270362854 
0.8404816389083862 0.7527487874031067 0.9513629078865051 0.8507962226867676 
0.8162868022918701 0.7492555379867554 0.8964902758598328 0.8262446522712708 
0.8436545729637146 0.7525139451026917 0.95991450548172 0.8561781048774719 
0.8419252038002014 0.746964693069458 0.9645465612411499 0.8405141830444336 
0.841607928276062 0.7444505095481873 0.9679315686225891 0.8537023067474365 
0.8473276495933533 0.7555121183395386 0.9645465612411499 0.8621395826339722 
0.8458122611045837 0.7515923380851746 0.9670407772064209 0.8545432686805725 
0.8436821103096008 0.7474900484085083 0.9682878851890564 0.8527657389640808 
0.8481111526489258 0.7546881437301636 0.9679315686225891 0.8570863008499146 
0.8467893004417419 0.7525973320007324 0.9679315686225891 0.8522065877914429 
0.8410447239875793 0.744307279586792 0.9666844606399536 0.8509469032287598 
0.8470661640167236 0.7535749077796936 0.9670407772064209 0.859045147895813 
0.8442296981811523 0.7502769827842712 0.9650810360908508 0.8543311357498169 
0.8396826386451721 0.7509132027626038 0.9522536993026733 0.8478151559829712 
0.8389683961868286 0.7508796453475952 0.9504721164703369 0.8280618190765381 
0.8425245881080627 0.7501738667488098 0.9608052968978882 0.836665689945221 
0.8411476612091064 0.7462748289108276 0.9636557698249817 0.841022253036499 
0.8421546220779419 0.7503482699394226 0.9595581889152527 0.8555663824081421 
0.8435565829277039 0.7527964115142822 0.9592018723487854 0.8549157381057739 
0.8416789770126343 0.7476480603218079 0.9627650380134583 0.854951024055481 
0.8459615707397461 0.7532340884208679 0.9647247195243835 0.8559764623641968 
0.845195472240448 0.7507262229919434 0.9668626189231873 0.8556758761405945 
0.8407217264175415 0.7460317611694336 0.9629431962966919 0.852175235748291 
0.8439360857009888 0.7531813979148865 0.9595581889152527 0.8587583899497986 
0.8415718078613281 0.748232364654541 0.9615179300308228 0.8569444417953491 
0.8397386074066162 0.745339035987854 0.9615179300308228 0.8530158996582031 
0.8431525230407715 0.747828483581543 0.9663281440734863 0.8542569875717163 
0.845359206199646 0.7538031935691833 0.9622305631637573 0.8541075587272644 
0.8430942893028259 0.7520603537559509 0.9592018723487854 0.8246273994445801 
0.7647606730461121 0.7290051579475403 0.804204523563385 0.8139804601669312 
0.841294527053833 0.7467200756072998 0.9632995128631592 0.8308712244033813 
0.7711836099624634 0.7300652265548706 0.8172100186347961 0.8187422156333923 
0.8448154926300049 0.751526951789856 0.9645465612411499 0.8303856253623962 
0.8434110879898071 0.7502776384353638 0.9629431962966919 0.8286288380622864 
0.838664710521698 0.7418470978736877 0.9645465612411499 0.8217624425888062 
0.8444027304649353 0.7527196407318115 0.9615179300308228 0.8274518251419067 
0.8426600694656372 0.7457813024520874 0.96846604347229 0.8243948221206665 
0.8416640758514404 0.7457020878791809 0.965971827507019 0.8494720458984375 
0.8423599004745483 0.7494792342185974 0.9615179300308228 0.8403672575950623 
0.8462080359458923 0.7546063661575317 0.9631213545799255 0.8456637859344482 
0.843937873840332 0.7511117458343506 0.9629431962966919 0.8405170440673828 
0.8421380519866943 0.7475138306617737 0.9641902446746826 0.834535539150238 
0.8404065370559692 0.7443650364875793 0.9649028778076172 0.8451920747756958 
0.8362175822257996 0.7382348775863647 0.9641902446746826 0.8297813534736633 
0.8464833498001099 0.7520066499710083 0.9681097269058228 0.851811945438385 
0.845409095287323 0.7524669766426086 0.9645465612411499 0.8561388850212097 
0.8413352966308594 0.7468913793563843 0.9631213545799255 0.8509807586669922 
0.8401769995689392 0.7444291710853577 0.9641902446746826 0.8498687744140625 
0.8447321057319641 0.7511789202690125 0.9649028778076172 0.8521146774291992 
0.8451080322265625 0.7560461163520813 0.9579547643661499 0.8544548153877258 
0.8418430685997009 0.7474775314331055 0.963477611541748 0.8519497513771057 
0.7645382881164551 0.7217212319374084 0.8127561211585999 0.8114699125289917 
0.7695410847663879 0.7284009456634521 0.8156066536903381 0.8169962763786316 
0.7663238644599915 0.72195965051651 0.8164974451065063 0.8068258762359619 
0.8424432277679443 0.7515718936920166 0.9583110809326172 0.8150532245635986 
0.8420807719230652 0.7462501525878906 0.9661499857902527 0.8234585523605347 
0.8479837775230408 0.7541620135307312 0.96846604347229 0.8398481607437134 
0.836936354637146 0.7385202050209045 0.9656155109405518 0.8188287019729614 
0.7569646239280701 0.7273772358894348 0.7890611290931702 0.8142801523208618 
0.7755613327026367 0.7295854091644287 0.827721357345581 0.8202735185623169 
0.8413428068161011 0.7474398016929626 0.9622305631637573 0.819561779499054 
0.7710292339324951 0.7349806427955627 0.8107963800430298 0.820969820022583 
0.8423853516578674 0.751151442527771 0.9588455557823181 0.8255261778831482 
0.8422439098358154 0.7452351450920105 0.9682878851890564 0.8246092796325684 
0.8406227827072144 0.7494419813156128 0.9570639729499817 0.8251944780349731 
0.8428035974502563 0.749965250492096 0.96187424659729 0.8191410899162292 
0.8386745452880859 0.7443048357963562 0.9604489803314209 0.8174599409103394 
0.8428950905799866 0.7508703470230103 0.9606271386146545 0.8253012299537659 
0.8427545428276062 0.7501042485237122 0.9615179300308228 0.8280225992202759 
0.8436166048049927 0.7473872303962708 0.9682878851890564 0.818799614906311 
0.844458281993866 0.7502076029777527 0.9657936692237854 0.8251510262489319 
0.7708939909934998 0.7228633761405945 0.825761616230011 0.8126403093338013 
0.8455462455749512 0.7535545229911804 0.9631213545799255 0.8252344131469727 
0.8431037068367004 0.7479652166366577 0.965971827507019 0.8508254885673523 
0.8471540808677673 0.7524204850196838 0.9691786766052246 0.8531510233879089 
0.8445930480957031 0.7492413520812988 0.9677534103393555 0.8535479307174683 
0.8405976891517639 0.7432913184165955 0.9672189354896545 0.8456453680992126 
0.8442085385322571 0.7512154579162598 0.963477611541748 0.8529412746429443 
0.8443682789802551 0.750173032283783 0.9656155109405518 0.8480073809623718 
0.8431616425514221 0.7483773231506348 0.9654373526573181 0.8497259616851807 
0.8435534834861755 0.7548895478248596 0.9558168649673462 0.8538895845413208 
0.8383028507232666 0.7444690465927124 0.9592018723487854 0.8492966890335083 
0.8382663130760193 0.746245801448822 0.9561731815338135 0.8460780382156372 
0.8412428498268127 0.7429351806640625 0.9695349931716919 0.8488813638687134 
0.8444409966468811 0.7520177960395813 0.9627650380134583 0.8374435901641846 
0.8489343523979187 0.7555586695671082 0.9686442017555237 0.8470314145088196 
0.8447040319442749 0.7503805160522461 0.9661499857902527 0.8378281593322754 
0.8449423909187317 0.7541258931159973 0.9606271386146545 0.8460349440574646 
0.8347947597503662 0.739483118057251 0.9583110809326172 0.8307141065597534 
0.8422955870628357 0.7537639141082764 0.954391598701477 0.8444620966911316 
0.8432044982910156 0.7494112849235535 0.9638339281082153 0.8476424813270569 
0.8425485491752625 0.7492371797561646 0.962408721446991 0.8440089821815491 
0.8408966660499573 0.7486787438392639 0.9590237140655518 0.8459663391113281 
0.8351613879203796 0.7453503012657166 0.9495813250541687 0.8420238494873047 
0.835946798324585 0.75553959608078 0.9355068802833557 0.8495625853538513 
0.8385220170021057 0.7503869533538818 0.9501157999038696 0.8487616777420044 
0.8415487408638 0.7465857267379761 0.9641902446746826 0.849230945110321 
0.8423025608062744 0.7499304413795471 0.9606271386146545 0.8509182929992676 
0.8414114117622375 0.7449876666069031 0.96650630235672 0.8467000722885132 
0.8379342555999756 0.7418646216392517 0.9625868797302246 0.8429713249206543 
0.8471397161483765 0.7545593976974487 0.9656155109405518 0.8531088829040527 
0.8414863348007202 0.7513649463653564 0.9561731815338135 0.8533874154090881 
0.8446003794670105 0.7509706020355225 0.9649028778076172 0.8521778583526611 
0.8470056056976318 0.7531548738479614 0.9675752520561218 0.857075572013855 
0.8413094282150269 0.7478176355361938 0.9615179300308228 0.8531794548034668 
0.8410967588424683 0.747266411781311 0.96187424659729 0.8510284423828125 
0.8431341648101807 0.7513588666915894 0.9604489803314209 0.8515339493751526 
0.8413152694702148 0.7435722351074219 0.9686442017555237 0.8500624895095825 
0.842791736125946 0.746835470199585 0.9670407772064209 0.8519691228866577 
0.8452436327934265 0.7505875825881958 0.9672189354896545 0.8546139001846313 
0.8456963896751404 0.7540114521980286 0.9627650380134583 0.8494505286216736 
0.8388559222221375 0.7471808195114136 0.9561731815338135 0.8382932543754578 
0.8446556329727173 0.7505191564559937 0.9657936692237854 0.84918212890625 
0.8411685824394226 0.7537397742271423 0.9515410661697388 0.850756049156189 
0.8348674178123474 0.7475345134735107 0.9453055262565613 0.8451997637748718 
0.8455438017845154 0.7559674382209778 0.9592018723487854 0.8520303964614868 
0.8420153856277466 0.7461475133895874 0.9661499857902527 0.8387343883514404 
0.8459256887435913 0.7527434229850769 0.9654373526573181 0.845399796962738 
0.8404711484909058 0.7475714683532715 0.9597363471984863 0.8236470818519592 
0.8447602391242981 0.7519810795783997 0.9636557698249817 0.8271048665046692 
0.7678287625312805 0.7233774662017822 0.8181008100509644 0.814599871635437 
0.769705057144165 0.7229613661766052 0.8229110836982727 0.8209121227264404 
0.8416064381599426 0.7461432218551636 0.9650810360908508 0.8517791628837585 
0.8409126400947571 0.744947075843811 0.9652591943740845 0.8510028123855591 
0.8420071601867676 0.7464536428451538 0.9656155109405518 0.8505210280418396 
0.846815824508667 0.7549170255661011 0.9641902446746826 0.8535147905349731 
0.8428671360015869 0.7483416199684143 0.9647247195243835 0.847966730594635 
0.8432592153549194 0.7481032013893127 0.9661499857902527 0.8525569438934326 
0.8419334888458252 0.7466574907302856 0.9650810360908508 0.8536036610603333 
0.8440424203872681 0.7505200505256653 0.9641902446746826 0.8576425313949585 
0.8403165936470032 0.7443298697471619 0.9647247195243835 0.8519541025161743 
0.8361413478851318 0.7463626265525818 0.9504721164703369 0.8490293025970459 
0.840886116027832 0.7458631992340088 0.9636557698249817 0.8494991660118103 
0.8440109491348267 0.750902533531189 0.963477611541748 0.8490839600563049 
0.8469075560569763 0.7561590075492859 0.962408721446991 0.8504635691642761 
0.8453867435455322 0.755827009677887 0.9590237140655518 0.8524595499038696 
0.8440939784049988 0.751250684261322 0.9631213545799255 0.8490206599235535 
0.843608558177948 0.7505902051925659 0.9629431962966919 0.8454474806785583 
0.8462799787521362 0.7531962394714355 0.9656155109405518 0.860053539276123 
0.8443509936332703 0.7499308586120605 0.965971827507019 0.8576987981796265 
0.8446109294891357 0.7515277862548828 0.964012086391449 0.8560590147972107 
0.8451582789421082 0.7514210343360901 0.9656155109405518 0.8473999500274658 
0.8445348739624023 0.7529296875 0.9615179300308228 0.8530677556991577 
0.8419580459594727 0.7465894818305969 0.9652591943740845 0.8408471941947937 
0.8416640758514404 0.7457020878791809 0.965971827507019 0.8507963418960571 
0.8375974297523499 0.7503526210784912 0.9477997422218323 0.8516368865966797 
0.8418923020362854 0.7473407983779907 0.9638339281082153 0.850412905216217 
0.842276930809021 0.7465583682060242 0.9661499857902527 0.8539786338806152 
0.8434410095214844 0.7490320801734924 0.9650810360908508 0.8555489778518677 
0.8472005128860474 0.754982590675354 0.9650810360908508 0.8586431741714478 
0.8439351320266724 0.7502425312995911 0.9643684029579163 0.8537942171096802 
0.8438060879707336 0.7509030103683472 0.9629431962966919 0.8491529226303101 
0.8454865217208862 0.7531328201293945 0.9636557698249817 0.8574882745742798 
0.8430611491203308 0.7469398975372314 0.9675752520561218 0.8550484776496887 
0.8430200815200806 0.7467693090438843 0.9677534103393555 0.8511509299278259 
0.8451804518699646 0.7525386214256287 0.9638339281082153 0.8580828905105591 
0.842760443687439 0.7480663061141968 0.9649028778076172 0.8539570569992065 
0.8441254496574402 0.7508674263954163 0.9638339281082153 0.8515908718109131 
0.8442353010177612 0.7540983557701111 0.9588455557823181 0.8586122393608093 
0.8366784453392029 0.7494359612464905 0.9469089508056641 0.8502638339996338 
0.8425227403640747 0.747584879398346 0.9650810360908508 0.8535380959510803 
0.8329253196716309 0.729856550693512 0.9698913097381592 0.8334779143333435 
0.8388798236846924 0.7429238557815552 0.9632995128631592 0.8444178104400635 
0.8404437899589539 0.7485038042068481 0.9581329226493835 0.8471955060958862 
0.8374430537223816 0.7487712502479553 0.949937641620636 0.8522356748580933 
0.8392801284790039 0.7482907772064209 0.9554605484008789 0.8520979881286621 
0.8337848782539368 0.7542164921760559 0.9321218729019165 0.8541140556335449 
0.8403851985931396 0.7545003294944763 0.9483342170715332 0.8545066118240356 
0.8416994214057922 0.7536987662315369 0.9529663324356079 0.8504958152770996 
0.8403701186180115 0.7455849647521973 0.9627650380134583 0.8513899445533752 
0.8422368168830872 0.749826192855835 0.9606271386146545 0.8517449498176575 
0.844312310218811 0.7526851892471313 0.9613397717475891 0.8556941747665405 
0.8447438478469849 0.7538095712661743 0.9606271386146545 0.8541790246963501 
0.8445069789886475 0.7521224617958069 0.9627650380134583 0.8560190200805664 
0.8424073457717896 0.7459140419960022 0.9675752520561218 0.8528720140457153 
0.844517171382904 0.7506234645843506 0.9652591943740845 0.8566831946372986 
0.8417785167694092 0.7456694841384888 0.9663281440734863 0.851540744304657 
0.8399625420570374 0.7469829320907593 0.959380030632019 0.8509741425514221 
0.8453060388565063 0.7530640959739685 0.9632995128631592 0.8575602173805237 
0.844285249710083 0.7498271465301514 0.965971827507019 0.8536472320556641 
0.8444167375564575 0.7500345706939697 0.965971827507019 0.8533393740653992 
0.844987154006958 0.7498619556427002 0.9677534103393555 0.8560739755630493 
0.8447602391242981 0.7519810795783997 0.9636557698249817 0.8535932302474976 
0.8447602391242981 0.7519810795783997 0.9636557698249817 0.8509124517440796 
0.8422451615333557 0.7503830790519714 0.9597363471984863 0.8543339371681213 
0.8358443379402161 0.7468798160552979 0.9488686919212341 0.8498449921607971 
0.8391498923301697 0.7495096921920776 0.9531444907188416 0.8523369431495667 
0.8394449353218079 0.7430688738822937 0.9645465612411499 0.8430300951004028 
0.8418830037117004 0.7502439022064209 0.9590237140655518 0.8528335094451904 
0.8426221609115601 0.7490299344062805 0.9629431962966919 0.8497359752655029 
0.8429661989212036 0.7489273548126221 0.964012086391449 0.8548146486282349 
0.8428270816802979 0.7490304708480835 0.963477611541748 0.8538748621940613 
0.8429303169250488 0.7467344999313354 0.9675752520561218 0.8504619002342224 
0.8444756269454956 0.750450074672699 0.9654373526573181 0.8527019023895264 
0.8463817834854126 0.7526001930236816 0.9668626189231873 0.8484593629837036 
0.774085283279419 0.7317150831222534 0.8216639757156372 0.8252348899841309 
0.8410982489585876 0.7464108467102051 0.9632995128631592 0.8458141684532166 
0.8438825011253357 0.7545288801193237 0.9572421312332153 0.8290916681289673 
0.8402663469314575 0.7498601675033569 0.9554605484008789 0.8425613641738892 
0.8445636630058289 0.7579662799835205 0.9535008072853088 0.8613370656967163 
0.839952826499939 0.751900851726532 0.9513629078865051 0.8523014783859253 
0.8428526520729065 0.7563358545303345 0.9517192244529724 0.8327194452285767 
0.8391979336738586 0.7465296983718872 0.9581329226493835 0.8144083619117737 
0.8378674387931824 0.746482789516449 0.9547479152679443 0.8471145033836365 
0.8384615182876587 0.7494036555290222 0.9515410661697388 0.848094642162323 
0.8443536758422852 0.7549501657485962 0.9577766060829163 0.8504566550254822 
0.8486558794975281 0.7576266527175903 0.9645465612411499 0.8605408072471619 
0.8385078310966492 0.7472818493843079 0.9551042318344116 0.8556438088417053 
0.8404778838157654 0.7481234073638916 0.9588455557823181 0.8537918329238892 
0.8398565649986267 0.7467073202133179 0.9595581889152527 0.8504748344421387 
0.8401690721511841 0.749267041683197 0.9561731815338135 0.8549801707267761 
0.8418816924095154 0.7537681460380554 0.9533226490020752 0.8550373315811157 
0.8454042077064514 0.7515941262245178 0.965971827507019 0.8565534353256226 
0.8445067405700684 0.7500691413879395 0.9661499857902527 0.8560926914215088 
0.8438589572906494 0.7467087507247925 0.9700694680213928 0.8530488610267639 
0.84720379114151 0.75346839427948 0.9675752520561218 0.855107307434082 
0.845588207244873 0.753730297088623 0.9629431962966919 0.8511849045753479 
0.840530276298523 0.7440296411514282 0.9657936692237854 0.8487363457679749 
0.8444961309432983 0.7474955320358276 0.9704257845878601 0.85499107837677 
0.8417761325836182 0.7499651908874512 0.9592018723487854 0.853404700756073 
0.8452982902526855 0.7501380443572998 0.9681097269058228 0.846659243106842 
0.8451505899429321 0.7595908045768738 0.952431857585907 0.8532061576843262 
0.8475027680397034 0.7559000253677368 0.9643684029579163 0.8522934913635254 
0.8443543314933777 0.7507973909378052 0.9645465612411499 0.8497629761695862 
0.8447399139404297 0.7529280781745911 0.9620524048805237 0.844165027141571 
0.8441780805587769 0.7495508193969727 0.9661499857902527 0.8367083668708801 
0.8428682684898376 0.7492032647132874 0.9632995128631592 0.8385052680969238 
0.8438035845756531 0.7500346302986145 0.9643684029579163 0.8502928614616394 
0.8462685346603394 0.7562412619590759 0.9606271386146545 0.849891185760498 
0.8450285792350769 0.7532775402069092 0.9622305631637573 0.8540172576904297 
0.8420724272727966 0.7491323351860046 0.9613397717475891 0.8208343386650085 
0.8408469557762146 0.7488171458244324 0.9586673974990845 0.8418493270874023 
0.8429983854293823 0.7485485076904297 0.9647247195243835 0.8398340940475464 
0.8398349285125732 0.7459197640419006 0.9608052968978882 0.8376138210296631 
0.8435967564582825 0.7491703629493713 0.9652591943740845 0.8355262279510498 
0.8481111526489258 0.7546881437301636 0.9679315686225891 0.856029748916626 
0.8438130617141724 0.7476956844329834 0.9682878851890564 0.8450621366500854 
0.8410954475402832 0.7433338165283203 0.96846604347229 0.8474457859992981 
0.8445519208908081 0.7511098980903625 0.9645465612411499 0.8526887893676758 
0.8454076051712036 0.753661572933197 0.9625868797302246 0.8458238840103149 
0.8419327139854431 0.7492359280586243 0.9608052968978882 0.8479783535003662 
0.827986478805542 0.7560724020004272 0.9150186777114868 0.8373911380767822 
0.8433508276939392 0.7527979612350464 0.9586673974990845 0.850017786026001 
0.8443576693534851 0.7516685128211975 0.9631213545799255 0.8435702919960022 
0.837220311164856 0.7505297064781189 0.9465526342391968 0.845034122467041 
0.8261137008666992 0.7260699272155762 0.9581329226493835 0.7916168570518494 
0.8385943174362183 0.743964672088623 0.9608052968978882 0.824044942855835 
0.8416556715965271 0.7460076808929443 0.9654373526573181 0.8327317237854004 
0.8406748175621033 0.7484355568885803 0.9588455557823181 0.8375290632247925 
0.8454552292823792 0.7491059303283691 0.9702476263046265 0.8461374044418335 
0.8412476778030396 0.745154619216919 0.9657936692237854 0.8334513306617737 
0.8406186103820801 0.7544257044792175 0.9490468502044678 0.8465205430984497 
0.8360154032707214 0.7472635507583618 0.9486905336380005 0.8413479328155518 
0.8430716395378113 0.7483425140380859 0.9652591943740845 0.8407366275787354 
0.8409636616706848 0.7439693212509155 0.9670407772064209 0.8287237882614136 
0.8448114395141602 0.7506576180458069 0.965971827507019 0.8443911075592041 
0.84160977602005 0.7518923282623291 0.9556387066841125 0.8508751392364502 
0.8312286734580994 0.74992835521698 0.9323000311851501 0.8489197492599487 
0.8361209034919739 0.7475427985191345 0.9485123753547668 0.8435067534446716 
0.8411170840263367 0.7547784447669983 0.9497594833374023 0.8410317897796631 
0.8404816389083862 0.7527487874031067 0.9513629078865051 0.8480939865112305 
0.8402956128120422 0.7457884550094604 0.9622305631637573 0.8331308960914612 
0.8389883637428284 0.7502458095550537 0.9515410661697388 0.83878093957901 
0.8372239470481873 0.7490857839584351 0.9488686919212341 0.8403052687644958 
0.8403124809265137 0.7482955455780029 0.9581329226493835 0.8438099026679993 
0.8399125933647156 0.7471200823783875 0.9590237140655518 0.8445883989334106 
0.8341548442840576 0.7531945705413818 0.9346160888671875 0.8469135761260986 
0.829306960105896 0.7465773224830627 0.9326563477516174 0.8435229659080505 
0.8366445899009705 0.7503889203071594 0.9453055262565613 0.8538079261779785 
0.8469268679618835 0.7524917125701904 0.96846604347229 0.8565512895584106 
0.8463515043258667 0.7517985701560974 0.9681097269058228 0.8571889400482178 
0.8305352926254272 0.7475410103797913 0.9342597723007202 0.8246570825576782 
0.8454381823539734 0.7532739043235779 0.9632995128631592 0.8289949893951416 
0.8430332541465759 0.7498959302902222 0.9625868797302246 0.821587085723877 
0.8416112661361694 0.7501394152641296 0.9584892392158508 0.823233962059021 
0.8423246145248413 0.7430555820465088 0.9722073674201965 0.8232940435409546 
0.8418753147125244 0.748820424079895 0.9613397717475891 0.8267118334770203 
0.8377429246902466 0.7454166412353516 0.9561731815338135 0.8212658166885376 
0.8388858437538147 0.7462520599365234 0.9577766060829163 0.8234418630599976 
0.8443991541862488 0.7539193630218506 0.9595581889152527 0.8353756070137024 
0.8492181897163391 0.7596288919448853 0.9627650380134583 0.8374384045600891 
0.8422113656997681 0.7456067800521851 0.9675752520561218 0.838875412940979 
0.8442469835281372 0.7505197525024414 0.9647247195243835 0.8397936820983887 
0.845997154712677 0.7549279928207397 0.9620524048805237 0.8349024653434753 
0.8438010811805725 0.7491708397865295 0.9657936692237854 0.8414769172668457 
0.8427964448928833 0.7439988851547241 0.9718510508537292 0.8450524806976318 
0.8414530158042908 0.7443135380744934 0.9677534103393555 0.8434497714042664 
0.8445279598236084 0.7532467246055603 0.9609834551811218 0.8516786694526672 
0.8450726270675659 0.7490363717079163 0.9693568348884583 0.8541122674942017 
0.8420724272727966 0.7491323351860046 0.9613397717475891 0.8480935096740723 
0.844261646270752 0.7478691339492798 0.9691786766052246 0.8484925627708435 
0.8434688448905945 0.7469432353973389 0.9686442017555237 0.8525069952011108 
0.8441860675811768 0.747221052646637 0.9700694680213928 0.8560008406639099 
0.8472384810447693 0.7527685761451721 0.9688223600387573 0.8592895865440369 
0.8441829681396484 0.7463728189468384 0.971494734287262 0.8584202527999878 
0.8482387065887451 0.755215585231781 0.9673970937728882 0.8603854179382324 
0.8450244665145874 0.7491735816001892 0.969000518321991 0.8561325669288635 
0.8441123962402344 0.749447226524353 0.9661499857902527 0.856929361820221 
0.8430730700492859 0.7492036819458008 0.9638339281082153 0.8543342351913452 
0.8423125147819519 0.7549061179161072 0.9526100158691406 0.8541735410690308 
0.8354251384735107 0.7463209629058838 0.9486905336380005 0.8471870422363281 
0.8202645778656006 0.7495208382606506 0.9057545065879822 0.8415989875793457 
0.839996874332428 0.7443588376045227 0.9638339281082153 0.8487459421157837 
0.8397945165634155 0.7457486391067505 0.9609834551811218 0.8511771559715271 
0.8367475867271423 0.7501059174537659 0.9460181593894958 0.8578600883483887 
0.8346990346908569 0.7482695579528809 0.9437021017074585 0.8532120585441589 
0.8318415880203247 0.7488591074943542 0.9355068802833557 0.8477116823196411 
0.8291633725166321 0.7500360608100891 0.9269552826881409 0.8512274026870728 
0.8287169933319092 0.7489569783210754 0.9274897575378418 0.8328238725662231 
0.8426791429519653 0.7485817074775696 0.9638339281082153 0.8288756608963013 
0.8366914987564087 0.7471296787261963 0.9506502747535706 0.8313683867454529 
0.840724527835846 0.7482974529266357 0.9592018723487854 0.8324836492538452 
0.8424737453460693 0.7477216124534607 0.9647247195243835 0.8334437608718872 
0.8480176329612732 0.7592618465423584 0.9602708220481873 0.8510764837265015 
0.842684268951416 0.7538310289382935 0.9552823901176453 0.8318142890930176 
0.8427428603172302 0.7469713687896729 0.9666844606399536 0.8239372968673706 
0.8450987935066223 0.7478058338165283 0.971494734287262 0.8265202045440674 
0.842276930809021 0.7465583682060242 0.9661499857902527 0.827427327632904 
0.8437330722808838 0.7453551888465881 0.9720292091369629 0.8298975825309753 
0.849656879901886 0.7555124163627625 0.9706039428710938 0.838493824005127 
0.8437985777854919 0.7483115196228027 0.9672189354896545 0.8249073028564453 
0.8440964221954346 0.7471863627433777 0.9698913097381592 0.8398903012275696 
0.8466619849205017 0.7508960366249084 0.9704257845878601 0.8465433716773987 
0.8436967134475708 0.746877133846283 0.9693568348884583 0.8391786813735962 
0.8473573327064514 0.752419114112854 0.9697131514549255 0.8506642580032349 
0.8484848737716675 0.7538759708404541 0.9702476263046265 0.8447567820549011 
0.8421622514724731 0.7440557479858398 0.9700694680213928 0.8455004692077637 
0.8454588055610657 0.7511418461799622 0.9668626189231873 0.8558233976364136 
0.8446654677391052 0.7490352988243103 0.9682878851890564 0.8460135459899902 
0.8404765725135803 0.7427868247032166 0.9677534103393555 0.8527640104293823 
0.8423929810523987 0.749965250492096 0.9608052968978882 0.8560407161712646 
0.8444099426269531 0.7483143210411072 0.9688223600387573 0.8549692630767822 
0.8394638299942017 0.7460867166519165 0.9595581889152527 0.8500794768333435 
0.8469379544258118 0.7518651485443115 0.9695349931716919 0.8598772287368774 
0.8400651216506958 0.7436178922653198 0.9652591943740845 0.8504109978675842 
0.8447698354721069 0.7504843473434448 0.9661499857902527 0.857810914516449 
0.8443546295166016 0.7487596273422241 0.9679315686225891 0.8543941974639893 
0.8493279218673706 0.7565084099769592 0.9681097269058228 0.8539013862609863 
0.8450880646705627 0.7537000775337219 0.9616960883140564 0.8551632165908813 
0.8397694230079651 0.7541844248771667 0.9472652673721313 0.856652557849884 
0.8458781242370605 0.7516964673995972 0.9670407772064209 0.8611409664154053 
0.8458101153373718 0.7551791667938232 0.9611616134643555 0.864220917224884 
0.8421547412872314 0.7512222528457642 0.9581329226493835 0.8417666554450989 
0.8460881114006042 0.7502066493034363 0.9700694680213928 0.8511425256729126 
0.8382702469825745 0.7545986175537109 0.9428113102912903 0.8584175705909729 
0.842736542224884 0.756373941898346 0.9513629078865051 0.852378249168396 
0.8346670866012573 0.7576637864112854 0.9290931820869446 0.8503555059432983 
0.8434988260269165 0.756252646446228 0.9535008072853088 0.8573991656303406 
0.8448492288589478 0.7552997469902039 0.9584892392158508 0.856569230556488 
0.8411099314689636 0.7444093823432922 0.9666844606399536 0.8472339510917664 
0.8397644758224487 0.7430412769317627 0.9654373526573181 0.8463006019592285 
0.8418926000595093 0.7464866638183594 0.9652591943740845 0.8518768548965454 
0.8444757461547852 0.7525083422660828 0.9620524048805237 0.853908121585846 
0.8430942893028259 0.7520603537559509 0.9592018723487854 0.8493409156799316 
0.84323650598526 0.7490315437316895 0.9645465612411499 0.8472466468811035 
0.8349317908287048 0.7423738241195679 0.9538571238517761 0.8422073721885681 
0.8462019562721252 0.7537240982055664 0.9645465612411499 0.853958785533905 
0.8404602408409119 0.74562007188797 0.9629431962966919 0.8512772917747498 
0.8421135544776917 0.7528074383735657 0.9554605484008789 0.856835126876831 
0.8431326746940613 0.7504864931106567 0.96187424659729 0.8567320704460144 
0.8389402627944946 0.7438688278198242 0.96187424659729 0.8459909558296204 
0.8437917232513428 0.7544943690299988 0.9570639729499817 0.8517701625823975 
0.840452253818512 0.7513688206672668 0.9535008072853088 0.8497260808944702 
0.8449781537055969 0.751352071762085 0.9652591943740845 0.8508676290512085 
0.8452688455581665 0.7537688612937927 0.9620524048805237 0.8475727438926697 
0.8421298861503601 0.7486830949783325 0.9622305631637573 0.8492118120193481 
0.838628888130188 0.7478018403053284 0.9545697569847107 0.8414871692657471 
0.8401312828063965 0.7482254505157471 0.9577766060829163 0.8456048965454102 
0.8390974998474121 0.7468037605285645 0.957420289516449 0.848282516002655 
0.8424171805381775 0.7490293979644775 0.962408721446991 0.8509567379951477 
0.84248286485672 0.749133288860321 0.962408721446991 0.8493634462356567 
0.8389797210693359 0.7534751892089844 0.9463744759559631 0.8499323129653931 
0.842129647731781 0.7435862421989441 0.9707821011543274 0.8477285504341125 
0.8450195789337158 0.754798948764801 0.9597363471984863 0.8528836965560913 
0.845931351184845 0.7536211609840393 0.964012086391449 0.8563954830169678 
0.8416783809661865 0.7485088109970093 0.9613397717475891 0.8520845174789429 
0.8333333134651184 0.7408177256584167 0.9522536993026733 0.8439860939979553 
0.8423181772232056 0.7475835680961609 0.9645465612411499 0.8504608869552612 
0.8401620388031006 0.7464359998703003 0.9608052968978882 0.8528954386711121 
0.8434992432594299 0.7494462728500366 0.9645465612411499 0.8542406558990479 
0.8444825410842896 0.7501383423805237 0.965971827507019 0.8528038859367371 
0.8413771390914917 0.7462089657783508 0.9643684029579163 0.8568663001060486 
0.8404280543327332 0.7482614517211914 0.9584892392158508 0.8499900102615356 
0.8413094282150269 0.7478176355361938 0.9615179300308228 0.8516111969947815 
0.8436964154243469 0.7497576475143433 0.9645465612411499 0.8404057025909424 
0.845085859298706 0.7549046874046326 0.9597363471984863 0.8483306169509888 
0.844947338104248 0.7517356276512146 0.9645465612411499 0.842485785484314 
0.8428749442100525 0.7480325698852539 0.9652591943740845 0.8415409326553345 
0.8420064449310303 0.7507675290107727 0.9584892392158508 0.8387589454650879 
0.8479974865913391 0.7547248601913452 0.9675752520561218 0.8523406982421875 
0.8396419286727905 0.7507372498512268 0.952431857585907 0.8314769864082336 
0.8471602201461792 0.7560123205184937 0.9632995128631592 0.8495237231254578 
0.848631739616394 0.7561655044555664 0.9668626189231873 0.8550736308097839 
0.8511438369750977 0.7596140503883362 0.9677534103393555 0.8554831147193909 
0.8482996225357056 0.7571688294410706 0.9643684029579163 0.8540843725204468 
0.846435546875 0.7521462440490723 0.9677534103393555 0.8527190685272217 
0.8463841080665588 0.7586498856544495 0.9570639729499817 0.8515030741691589 
0.843384861946106 0.7532922625541687 0.9579547643661499 0.8441927433013916 
0.8436026573181152 0.75474613904953 0.9561731815338135 0.8425536751747131 
0.846612274646759 0.7561283111572266 0.9616960883140564 0.8524178862571716 
0.8467621803283691 0.7553786039352417 0.9632995128631592 0.8502193689346313 
0.8455589413642883 0.7529215216636658 0.9641902446746826 0.8492334485054016 
0.847116231918335 0.7585964202880859 0.9590237140655518 0.8593901991844177 
0.8481091856956482 0.7577456831932068 0.9629431962966919 0.8579080700874329 
0.836832582950592 0.7490146160125732 0.9479779005050659 0.8506389856338501 
0.8455080389976501 0.7554683089256287 0.95991450548172 0.8548060655593872 
0.8457517623901367 0.7523598074913025 0.9656155109405518 0.8568801879882812 
0.8452111482620239 0.7521533966064453 0.9645465612411499 0.8576512932777405 
0.8461418151855469 0.7545010447502136 0.9631213545799255 0.8570389747619629 
0.8443682789802551 0.750173032283783 0.9656155109405518 0.8597906231880188 
0.8429352045059204 0.7501736879348755 0.96187424659729 0.8562240600585938 
0.8431066870689392 0.7496879696846008 0.9631213545799255 0.857876718044281 
0.8452111482620239 0.7521533966064453 0.9645465612411499 0.858146607875824 
0.845384955406189 0.752537190914154 0.9643684029579163 0.855980396270752 
0.8453237414360046 0.7533100843429565 0.9629431962966919 0.8545381426811218 
0.8423197269439697 0.7519238591194153 0.957420289516449 0.8340275287628174 
0.8479862213134766 0.7568891048431396 0.964012086391449 0.8342304825782776 
0.8480736017227173 0.7541961669921875 0.9686442017555237 0.8345632553100586 
0.8468398451805115 0.7497940063476562 0.9727418422698975 0.8300163149833679 
0.8480746746063232 0.7526926398277283 0.9711384177207947 0.8498044610023499 
0.8472211360931396 0.7564389705657959 0.9627650380134583 0.8548978567123413 
0.8430472612380981 0.7484111785888672 0.9650810360908508 0.8407176733016968 
0.8433716297149658 0.7472149729728699 0.9679315686225891 0.8476101756095886 
0.844447910785675 0.7517030239105225 0.9632995128631592 0.8510481119155884 
0.8450023531913757 0.7512823939323425 0.9654373526573181 0.8445785045623779 
0.8442398905754089 0.7508323788642883 0.9641902446746826 0.8323485851287842 
