0.8530259132385254 0.9192546606063843 0.7956989407539368 0.9479998350143433 
0.9055555462837219 0.9367815852165222 0.8763440847396851 0.9588103890419006 
0.8770949840545654 0.9127907156944275 0.8440860509872437 0.959402859210968 
0.8987013101577759 0.8693467378616333 0.9301075339317322 0.9522777199745178 
0.8678160905838013 0.9320987462997437 0.8118279576301575 0.9585212469100952 
0.8997554779052734 0.8251121044158936 0.9892473220825195 0.96710604429245 
0.9268292784690857 0.9344262480735779 0.9193548560142517 0.9609492421150208 
0.8997429013252258 0.8620689511299133 0.9408602118492126 0.9649381637573242 
0.9095890522003174 0.9273743033409119 0.8924731016159058 0.9734362363815308 
0.8579545617103577 0.9096385836601257 0.8118279576301575 0.9698520302772522 
0.9054441452026367 0.9693251252174377 0.8494623899459839 0.9804602265357971 
0.8926553726196289 0.9404761791229248 0.8494623899459839 0.9703723192214966 
0.9312169551849365 0.9166666865348816 0.9462365508079529 0.9773528575897217 
0.9104477763175964 0.8472222089767456 0.9838709831237793 0.9721934199333191 
0.9252077341079712 0.954285740852356 0.897849440574646 0.9738120436668396 
0.9166666865348816 0.8888888955116272 0.9462365508079529 0.9706469178199768 
0.8762376308441162 0.8119266033172607 0.9516128897666931 0.9664701819419861 
0.845714271068573 0.9024389982223511 0.7956989407539368 0.9362642765045166 
0.9214091897010803 0.9289617538452148 0.9139785170555115 0.9746502637863159 
0.9203084707260132 0.8817734122276306 0.9623655676841736 0.9750838875770569 
0.9276139140129089 0.9251337051391602 0.9301075339317322 0.9743613004684448 
0.908108115196228 0.9130434989929199 0.9032257795333862 0.9702278971672058 
0.9226666688919067 0.9153439402580261 0.9301075339317322 0.9666579961776733 
0.9153439402580261 0.9010416865348816 0.9301075339317322 0.9741299152374268 
0.9018567800521851 0.8900523781776428 0.9139785170555115 0.9741010665893555 
0.9086021780967712 0.9086021780967712 0.9086021780967712 0.9674384593963623 
0.9214659929275513 0.8979591727256775 0.9462365508079529 0.971239447593689 
0.9219143390655518 0.8672986030578613 0.9838709831237793 0.9650681614875793 
0.9251337051391602 0.9202127456665039 0.9301075339317322 0.9782056212425232 
0.9234972596168518 0.9388889074325562 0.9086021780967712 0.9769771099090576 
0.9255319237709045 0.9157894849777222 0.9354838728904724 0.974014401435852 
0.9129287600517273 0.8963730335235596 0.9301075339317322 0.9685224294662476 
0.934036910533905 0.9170984625816345 0.9516128897666931 0.9736096262931824 
0.9319371581077576 0.9081632494926453 0.9569892287254333 0.9813562631607056 
0.93438321352005 0.9128205180168152 0.9569892287254333 0.9736385941505432 
0.9173333048820496 0.9100528955459595 0.9247311949729919 0.9765869379043579 
0.9318801164627075 0.9447513818740845 0.9193548560142517 0.9788703918457031 
0.9144384860992432 0.9095744490623474 0.9193548560142517 0.9671061038970947 
0.9116021990776062 0.9375 0.8870967626571655 0.971615195274353 
