0.7611479163169861 0.8288461565971375 0.7036734819412231 0.8842682242393494 
0.8402125239372253 0.8412438631057739 0.8391836881637573 0.9110347628593445 
0.7759515643119812 0.825206995010376 0.7322449088096619 0.8848773241043091 
0.8234763145446777 0.9212121367454529 0.7444897890090942 0.9079819917678833 
0.8699515461921692 0.8609112501144409 0.8791836500167847 0.9320549368858337 
0.8740503787994385 0.8565830588340759 0.8922448754310608 0.9342890381813049 
0.8720647692680359 0.8303778171539307 0.9181585907936096 0.9333090782165527 
0.8086610436439514 0.8394495248794556 0.7800511717796326 0.8927016854286194 
0.8708708882331848 0.8765112161636353 0.8653026223182678 0.9320674538612366 
0.8567752838134766 0.8619499802589417 0.8516623973846436 0.9252828359603882 
0.8643344640731812 0.8650726079940796 0.8635976314544678 0.9284039735794067 
0.8497267961502075 0.9120234847068787 0.7953964471817017 0.9311683773994446 
0.8515028953552246 0.8986742496490479 0.8090366721153259 0.9256055355072021 
0.8552218675613403 0.9017013311386108 0.8132992386817932 0.92619389295578 
0.8468550443649292 0.9098922610282898 0.791986346244812 0.9280200004577637 
0.8610619306564331 0.8951241970062256 0.8294970393180847 0.9295879602432251 
0.8679881691932678 0.8589315414428711 0.877237856388092 0.9354545474052429 
0.8425303101539612 0.8892045617103577 0.8005114793777466 0.9142274260520935 
0.8630017638206482 0.8838248252868652 0.843137264251709 0.9246713519096375 
0.8393352031707764 0.9154078364372253 0.7749360799789429 0.926671028137207 
0.851005494594574 0.9172413945198059 0.7936913967132568 0.931553840637207 
0.8477964401245117 0.9075875282287598 0.7953964471817017 0.9278436899185181 
0.8857629895210266 0.8857629895210266 0.8857629895210266 0.9375724196434021 
0.8793905973434448 0.8731092214584351 0.8857629895210266 0.9335688948631287 
0.831398069858551 0.9132652878761292 0.7630008459091187 0.9166091680526733 
0.8503584265708923 0.8961284160614014 0.8090366721153259 0.9146798849105835 
0.8418647050857544 0.9073891639709473 0.7851662635803223 0.9215109348297119 
0.870322048664093 0.8888888955116272 0.852514922618866 0.9336186647415161 
0.8625550866127014 0.8924338817596436 0.8346121311187744 0.92721027135849 
0.8692610263824463 0.8922800421714783 0.8473998308181763 0.9319154620170593 
0.8503865599632263 0.9113060235977173 0.7971014380455017 0.9242203235626221 
0.8675957918167114 0.886910080909729 0.8491048812866211 0.930462658405304 
0.8652604222297668 0.873913049697876 0.8567774891853333 0.936823844909668 
0.851601243019104 0.9042145609855652 0.8047741055488586 0.9305288195610046 
0.8640692830085754 0.8777484893798828 0.8508098721504211 0.9259834289550781 
0.8573928475379944 0.8805031180381775 0.835464596748352 0.9279803037643433 
0.8661821484565735 0.8687821626663208 0.8635976314544678 0.9298303723335266 
0.8707543015480042 0.9021937847137451 0.8414322137832642 0.9334574341773987 
0.8757655024528503 0.8993710875511169 0.8533674478530884 0.9428251385688782 
0.8698151707649231 0.839144229888916 0.9028133153915405 0.9347212314605713 
0.8668758273124695 0.9139886498451233 0.824381947517395 0.9429596662521362 
0.8658865690231323 0.9170638918876648 0.8201193809509277 0.9362779855728149 
0.8650866150856018 0.9294809103012085 0.8090366721153259 0.9385011196136475 
0.8714538812637329 0.907663881778717 0.8380221724510193 0.936816930770874 
0.8689471483230591 0.9072356224060059 0.833759605884552 0.9248405694961548 
0.869105339050293 0.8996350169181824 0.8405796885490417 0.9396659135818481 
0.8785046935081482 0.9189944267272949 0.8414322137832642 0.9385968446731567 
