0.44427022337913513 0.8333333134651184 0.3028683364391327 0.8363382816314697 
0.664474368095398 0.8211851119995117 0.5579903721809387 0.8453630805015564 
0.44046229124069214 0.8122605085372925 0.3021557033061981 0.8499665856361389 
0.44832074642181396 0.8322861194610596 0.3067878186702728 0.8477863073348999 
0.8116229176521301 0.7561913728713989 0.875823974609375 0.8330556154251099 
0.8484567999839783 0.748332679271698 0.9795118570327759 0.8246042728424072 
0.4418181777000427 0.8150455355644226 0.30304649472236633 0.8410338759422302 
0.5488492250442505 0.8050292730331421 0.4163548946380615 0.8453329801559448 
0.7411370277404785 0.7546159625053406 0.728131115436554 0.836188793182373 
0.45162951946258545 0.8153488636016846 0.31231069564819336 0.8442428112030029 
0.4893094003200531 0.7885148525238037 0.35471227765083313 0.8443968296051025 
0.44766464829444885 0.8175803422927856 0.30821308493614197 0.7945310473442078 
0.8309662342071533 0.7705541849136353 0.9016568660736084 0.8465406894683838 
0.5046464204788208 0.5014069676399231 0.5079280138015747 0.5779662132263184 
0.781387984752655 0.7745492458343506 0.7883484959602356 0.8451195955276489 
0.44942083954811096 0.8094576001167297 0.31106358766555786 0.8227512836456299 
0.6399174928665161 0.7599216103553772 0.5526456236839294 0.8311396837234497 
0.8266886472702026 0.768806517124176 0.8939960598945618 0.848408043384552 
0.831710934638977 0.7744660973548889 0.8980937004089355 0.8475731015205383 
0.5603628754615784 0.8070351481437683 0.4291822612285614 0.8593705296516418 
0.8278504014015198 0.7772912383079529 0.8854445219039917 0.8438050746917725 
0.5312462449073792 0.8066037893295288 0.39604490995407104 0.8549078106880188 
0.8467211127281189 0.7629322409629822 0.9511847496032715 0.8367101550102234 
0.6567598581314087 0.7880299091339111 0.5629788041114807 0.8407695889472961 
0.7596449851989746 0.7495664358139038 0.7699981927871704 0.8302575945854187 
0.6598086357116699 0.7806718349456787 0.5713522434234619 0.8410873413085938 
0.7669447064399719 0.7486004829406738 0.7862105965614319 0.840754508972168 
0.5058240294456482 0.8306878209114075 0.36362016201019287 0.8483943343162537 
0.6836421489715576 0.7700892686843872 0.6146445870399475 0.8421441316604614 
0.8489620685577393 0.7668103575706482 0.9508284330368042 0.8394234776496887 
0.682224452495575 0.7706977725028992 0.6119722127914429 0.8482793569564819 
0.4569298028945923 0.8207852244377136 0.3165864944458008 0.8391392827033997 
0.8535903096199036 0.7569952011108398 0.978442907333374 0.826633095741272 
0.6902963519096375 0.756206214427948 0.634954571723938 0.8483123779296875 
0.4920380115509033 0.8010450005531311 0.3550685942173004 0.8394911289215088 
0.7304186224937439 0.7642592787742615 0.6994476914405823 0.8342983722686768 
0.7385914921760559 0.762031078338623 0.716550886631012 0.8416522145271301 
0.7465783953666687 0.7497305274009705 0.7434527277946472 0.8321930170059204 
0.5186522006988525 0.7990359663963318 0.38393017649650574 0.835252046585083 
0.8480200171470642 0.7561758756637573 0.9652591943740845 0.8273431062698364 
0.7444345355033875 0.7441694736480713 0.7446997761726379 0.8347525596618652 
0.5001842379570007 0.8053797483444214 0.36272937059402466 0.8486096858978271 
0.8308799266815186 0.7679516077041626 0.9050418734550476 0.8412829637527466 
0.8275185823440552 0.7642620205879211 0.9021913409233093 0.8476771712303162 
0.7702270746231079 0.7473190426826477 0.7945839762687683 0.8393436670303345 
0.5657849311828613 0.8045334815979004 0.4363085627555847 0.82194584608078 
0.6856974959373474 0.7629338502883911 0.6226616501808167 0.8369133472442627 
0.7256832718849182 0.7504758238792419 0.7024763822555542 0.8324205279350281 
0.6660630106925964 0.7651410102844238 0.5897024869918823 0.7835355401039124 
0.7589494585990906 0.7390276789665222 0.7799750566482544 0.8089659214019775 
0.6139057874679565 0.7663999795913696 0.5120256543159485 0.801619291305542 
0.7503381371498108 0.7595837712287903 0.7413148283958435 0.8257986307144165 
0.7219650745391846 0.7685036063194275 0.6807411313056946 0.8194099068641663 
0.6340830326080322 0.8066024780273438 0.5223588347434998 0.846890926361084 
0.7283453345298767 0.7676668167114258 0.6928558945655823 0.8453410863876343 
0.5644356608390808 0.8088430762290955 0.43345803022384644 0.8323593735694885 
0.6823858618736267 0.7768425941467285 0.60840904712677 0.8343866467475891 
0.6775017976760864 0.7947242259979248 0.5904151201248169 0.8351384401321411 
0.7209904789924622 0.7815231084823608 0.6691609025001526 0.8011792898178101 
0.5804983377456665 0.8032115697860718 0.45448067784309387 0.7626048922538757 
0.7156825065612793 0.7746420502662659 0.6650632619857788 0.8331407904624939 
0.7508973479270935 0.7564635872840881 0.7454124093055725 0.8287720680236816 
0.7345287203788757 0.7590270042419434 0.71156245470047 0.8126858472824097 
0.7470229864120483 0.7626206278800964 0.7320505976676941 0.7967720627784729 
0.7678177356719971 0.7612959742546082 0.7744521498680115 0.8030548095703125 
0.7706664204597473 0.7617473006248474 0.7797968983650208 0.8310532569885254 
0.6144656538963318 0.78692626953125 0.5040085315704346 0.7624555230140686 
0.8302580118179321 0.7812696695327759 0.885800838470459 0.8678159713745117 
0.551853597164154 0.8079697489738464 0.41902726888656616 0.8539837598800659 
0.831021249294281 0.7826223969459534 0.885800838470459 0.8598247170448303 
0.7358251214027405 0.8135520219802856 0.6716550588607788 0.8607538342475891 
0.6189752221107483 0.7921645045280457 0.5079280138015747 0.8415930271148682 
0.7334312200546265 0.7564855217933655 0.7117406129837036 0.8284345865249634 
0.6445934772491455 0.7824981212615967 0.5480135679244995 0.8316131234169006 
0.6780876517295837 0.768917977809906 0.6064493060112 0.830427348613739 
0.7473214268684387 0.749060332775116 0.7455905675888062 0.8319488763809204 
0.7311767935752869 0.7644314765930176 0.7006947994232178 0.8369112610816956 
0.7704545259475708 0.7563068270683289 0.78514164686203 0.8445723652839661 
0.6859286427497864 0.795812726020813 0.6027079820632935 0.8360170722007751 
0.5940683484077454 0.8146538138389587 0.4674862027168274 0.8149557113647461 
0.7364009022712708 0.7536367177963257 0.7199358344078064 0.8156421184539795 
0.7515227794647217 0.7557196617126465 0.7473721504211426 0.823606014251709 
0.6590766906738281 0.7965160608291626 0.5620880126953125 0.8223222494125366 
0.7769990563392639 0.7385232448577881 0.8197042346000671 0.8330260515213013 
0.771132230758667 0.748866856098175 0.794762134552002 0.8427022695541382 
0.6927319169044495 0.7744989991188049 0.6265811324119568 0.8114879131317139 
0.7250988483428955 0.7688161134719849 0.6860858798027039 0.7966704368591309 
0.718711256980896 0.7728577256202698 0.6716550588607788 0.8081343173980713 
0.6556589007377625 0.7929726839065552 0.5588811635971069 0.7722023129463196 
0.7026602625846863 0.7824661135673523 0.6376269459724426 0.8292242288589478 
0.7133352756500244 0.7774274945259094 0.659005880355835 0.8084895014762878 
0.7358161211013794 0.7603572607040405 0.7128095626831055 0.8340864181518555 
0.6442056894302368 0.7770508527755737 0.5501514077186584 0.8025881052017212 
0.7633386254310608 0.7545691728591919 0.7723142504692078 0.8061615824699402 
0.8350600004196167 0.7753855586051941 0.9046855568885803 0.8705170154571533 
0.815594494342804 0.7732716202735901 0.8628184795379639 0.8577193021774292 
0.6664614677429199 0.7856797575950623 0.5786566734313965 0.856401264667511 
0.71331787109375 0.7808857560157776 0.656511664390564 0.8481774926185608 
0.7237880229949951 0.7656529545783997 0.6862640380859375 0.8457873463630676 
0.6770173907279968 0.7933923602104187 0.5904151201248169 0.8461804389953613 
0.6676970720291138 0.7917888760566711 0.5772314071655273 0.8414915204048157 
0.6917576789855957 0.7814673781394958 0.6205238103866577 0.8291106820106506 
0.7153801918029785 0.7734520435333252 0.6654195785522461 0.8389401435852051 
0.7249318957328796 0.7671042084693909 0.6871548295021057 0.8349788188934326 
0.7251406908035278 0.7658014893531799 0.6885800957679749 0.8406236171722412 
0.6554160714149475 0.8032575249671936 0.5535364151000977 0.8425706624984741 
0.7427017092704773 0.7561380863189697 0.7297345399856567 0.8371426463127136 
0.7118940949440002 0.7845956087112427 0.651523232460022 0.845073401927948 
0.7348137497901917 0.757615864276886 0.7133440375328064 0.8387159109115601 
0.7434903979301453 0.7520962357521057 0.735079288482666 0.8428925275802612 
0.6944090723991394 0.7708695530891418 0.6317477226257324 0.8456810116767883 
0.7053502798080444 0.7668968439102173 0.6529484987258911 0.8410797715187073 
0.7246708869934082 0.780036985874176 0.6766434907913208 0.8546383380889893 
0.7170060276985168 0.7613613605499268 0.677534282207489 0.848265528678894 
0.7503175735473633 0.7644666433334351 0.7366827130317688 0.8516794443130493 
0.8079930543899536 0.788536548614502 0.8284339904785156 0.8579771518707275 
0.7808974385261536 0.7453044056892395 0.8200605511665344 0.8411343097686768 
0.4753645062446594 0.8070849180221558 0.33689647912979126 0.7987229228019714 
0.8347969055175781 0.7738892436027527 0.9061108231544495 0.8634137511253357 
0.7306541800498962 0.7684293389320374 0.6964190006256104 0.8411206603050232 
0.7267035245895386 0.7520487904548645 0.7030108571052551 0.8317128419876099 
0.6329684257507324 0.7959514260292053 0.5253874659538269 0.7899735569953918 
0.7328272461891174 0.7627673745155334 0.7051487565040588 0.8315716981887817 
0.7022213935852051 0.7590560913085938 0.6533048152923584 0.8195388317108154 
0.7461289167404175 0.7541401386260986 0.7382861375808716 0.8055711388587952 
0.6877415776252747 0.7748994827270508 0.6182077527046204 0.8349328637123108 
0.6641992330551147 0.7572992444038391 0.5914840698242188 0.8083497881889343 
0.7582629919052124 0.7483949065208435 0.7683947682380676 0.825237512588501 
0.6921780705451965 0.7802860736846924 0.6219490766525269 0.8240156173706055 
0.6100538969039917 0.7972972989082336 0.494031697511673 0.8221845030784607 
0.7100162506103516 0.7650205492973328 0.6623908877372742 0.8250179290771484 
0.6951997876167297 0.7741582989692688 0.6308569312095642 0.8180351853370667 
0.6939830780029297 0.7854570150375366 0.6215927600860596 0.80466628074646 
0.7627044320106506 0.7491409182548523 0.7767682075500488 0.8081175088882446 
0.6877227425575256 0.7740138173103333 0.6187422275543213 0.8065751791000366 
0.719409704208374 0.756135880947113 0.6860858798027039 0.7933989763259888 
0.7557392716407776 0.7463516592979431 0.7653661370277405 0.8342307806015015 
0.7212896943092346 0.7710867524147034 0.677534282207489 0.8447390794754028 
0.7241379022598267 0.7547826170921326 0.6958845257759094 0.8129296898841858 
0.829197347164154 0.7977935075759888 0.8631747961044312 0.8819612264633179 
0.788116991519928 0.8092735409736633 0.7680385112762451 0.8582450151443481 
0.7944194674491882 0.8028015494346619 0.7862105965614319 0.8652783632278442 
0.8025569319725037 0.8112486600875854 0.7940495014190674 0.8713354468345642 
0.8021756410598755 0.7901831865310669 0.8145377039909363 0.8659122586250305 
0.738196611404419 0.807749330997467 0.6796721816062927 0.8535327315330505 
0.6629283428192139 0.7946228384971619 0.5686798691749573 0.8601379990577698 
0.8429549932479858 0.7771763801574707 0.920897901058197 0.8690176606178284 
0.8204246759414673 0.7926910519599915 0.8501692414283752 0.8703362345695496 
0.8052787780761719 0.7903585433959961 0.820773184299469 0.8638635277748108 
0.7901479601860046 0.8004021048545837 0.780153214931488 0.8590139746665955 
0.7113069295883179 0.7894393801689148 0.6472474336624146 0.8652623891830444 
0.8331943154335022 0.7832836508750916 0.8898984789848328 0.8627324104309082 
0.6826768517494202 0.7828992605209351 0.6052021980285645 0.8514599204063416 
0.8012499809265137 0.8031143546104431 0.7993942499160767 0.8700566291809082 
0.8234093189239502 0.7878886461257935 0.8622840046882629 0.8657218217849731 
0.702499270439148 0.7663158178329468 0.64849454164505 0.8554175496101379 
0.696395993232727 0.756051778793335 0.6454659104347229 0.8320191502571106 
0.6651414036750793 0.798900842666626 0.5697488188743591 0.8415555953979492 
0.7397537231445312 0.7639020681381226 0.7170853614807129 0.8362172842025757 
0.7008998394012451 0.7770548462867737 0.6383395791053772 0.7954341769218445 
0.7306839227676392 0.7591703534126282 0.7042579650878906 0.8222287893295288 
0.7080504298210144 0.7770917415618896 0.6502761244773865 0.8335587382316589 
0.7370622754096985 0.7528799772262573 0.7218955755233765 0.8237403035163879 
0.7318646907806396 0.7582123875617981 0.7072866559028625 0.8470653295516968 
0.7068493366241455 0.7840242981910706 0.6435061693191528 0.8426685929298401 
0.8306451439857483 0.7858846187591553 0.880812406539917 0.8794634342193604 
0.7281602025032043 0.8258020877838135 0.6511669158935547 0.8670899868011475 
0.7936333417892456 0.8155668377876282 0.7728487253189087 0.8741971254348755 
0.8140296339988708 0.7883492112159729 0.8414395451545715 0.8636140823364258 
0.8288707733154297 0.7771713733673096 0.8879387378692627 0.8662357926368713 
0.7819823026657104 0.8008965253829956 0.7639408707618713 0.861109733581543 
0.8235695958137512 0.7908807396888733 0.8590771555900574 0.8645147681236267 
0.6899705529212952 0.8029801249504089 0.6048458814620972 0.8561887145042419 
0.8285424709320068 0.7884151339530945 0.8729734420776367 0.8635591268539429 
0.7901897430419922 0.7940276861190796 0.7863887548446655 0.8591463565826416 
0.8082687258720398 0.7823911905288696 0.8359166383743286 0.8497961163520813 
0.727290153503418 0.785891592502594 0.6768216490745544 0.855519711971283 
0.7373641133308411 0.7933511137962341 0.6887582540512085 0.8656811714172363 
0.7181363105773926 0.7811518311500549 0.6645287871360779 0.8501791954040527 
0.7177411317825317 0.781696081161499 0.663459837436676 0.8442307114601135 
0.7324206233024597 0.767369270324707 0.7005166411399841 0.844138503074646 
0.6773996353149414 0.7912401556968689 0.5921967029571533 0.8293577432632446 
0.7343865036964417 0.757914662361145 0.7122750878334045 0.8198079466819763 
0.7057563066482544 0.7784701585769653 0.6454659104347229 0.8132086396217346 
0.7147901058197021 0.7951123714447021 0.6492071747779846 0.8113666772842407 
0.732032299041748 0.7732408046722412 0.694993793964386 0.8130235075950623 
0.7103793621063232 0.7728891968727112 0.6572242975234985 0.8107191324234009 
0.7230682373046875 0.7653731107711792 0.6851950883865356 0.836438775062561 
0.7108433842658997 0.7817909717559814 0.6517013907432556 0.8269755244255066 
0.7327690720558167 0.7666407227516174 0.7017637491226196 0.8449928164482117 
0.7293896675109863 0.7710939049720764 0.6919651031494141 0.8417251110076904 
0.7228710055351257 0.7737804651260376 0.6782469153404236 0.835979700088501 
0.6566122770309448 0.7740687131881714 0.5701051354408264 0.8252401947975159 
0.7072982788085938 0.7695369720458984 0.6543737649917603 0.8142248392105103 
0.7220827341079712 0.7551536560058594 0.6917869448661804 0.8439199328422546 
0.8245879411697388 0.7808568477630615 0.8735079169273376 0.8672306537628174 
0.7917187213897705 0.7931342720985413 0.7903082370758057 0.8578212261199951 
0.8040623068809509 0.7904974818229675 0.8181008100509644 0.8561112880706787 
0.7945627570152283 0.8085577487945557 0.7810440063476562 0.8632009625434875 
0.7735512256622314 0.8180373311042786 0.7336540222167969 0.8579980731010437 
0.7211737036705017 0.6007356643676758 0.9020131826400757 0.6106507182121277 
0.7412967085838318 0.7526624798774719 0.7302690148353577 0.8434301018714905 
0.6259408593177795 0.8072594404220581 0.5111348628997803 0.8569162487983704 
0.8243794441223145 0.7883270978927612 0.8638874292373657 0.8605138063430786 
0.67596036195755 0.8039793372154236 0.5831106305122375 0.8630862832069397 
0.8311905264854431 0.7820895314216614 0.8868697881698608 0.8623142838478088 
0.8155474662780762 0.7948588132858276 0.8373419046401978 0.8612527847290039 
0.829620897769928 0.7853277921676636 0.8792089819908142 0.857315182685852 
0.7077732086181641 0.7807865738868713 0.6472474336624146 0.8509095907211304 
0.7047117352485657 0.7787839770317078 0.6435061693191528 0.855050265789032 
0.6911545991897583 0.7804932594299316 0.6201674938201904 0.8518152832984924 
0.7441267371177673 0.7610355615615845 0.7279529571533203 0.8510875701904297 
0.8362033367156982 0.7843320965766907 0.8954213261604309 0.8687224388122559 
0.7372215390205383 0.7660391926765442 0.7104935050010681 0.8535352349281311 
0.7298505902290344 0.7832924723625183 0.6832353472709656 0.8543853163719177 
0.7006356716156006 0.791694700717926 0.6283627152442932 0.8533377051353455 
0.7422024011611938 0.7579866051673889 0.7270621657371521 0.8463536500930786 
0.7215603590011597 0.7831073999404907 0.668982744216919 0.8500673174858093 
0.7204006314277649 0.7670019865036011 0.6791377067565918 0.8507753014564514 
0.6356989145278931 0.8017358183860779 0.5266345739364624 0.8501265048980713 
0.733558177947998 0.7735625505447388 0.6974879503250122 0.8553403615951538 
0.7107776403427124 0.7844697833061218 0.6497416496276855 0.8623105883598328 
0.7457814812660217 0.7729358077049255 0.7204703092575073 0.8622497320175171 
0.7233555912971497 0.7779372334480286 0.6759308576583862 0.8590338230133057 
0.7007542252540588 0.7782854437828064 0.6372706294059753 0.8445510268211365 
0.676554262638092 0.7870479822158813 0.5932656526565552 0.8450298309326172 
0.7257505655288696 0.7890772223472595 0.6718332171440125 0.8562138080596924 
0.7292219996452332 0.7799878120422363 0.6846606135368347 0.8373991250991821 
0.7257696986198425 0.777642011642456 0.6803848147392273 0.8421100974082947 
0.6861343383789062 0.78902268409729 0.6069837808609009 0.8495954871177673 
0.8497534990310669 0.7776626944541931 0.9365758299827576 0.8700165152549744 
0.8052687644958496 0.8045527338981628 0.8059861063957214 0.8680064678192139 
0.8217881321907043 0.7947736382484436 0.8507037162780762 0.8670752644538879 
0.813833475112915 0.7868906855583191 0.8426865935325623 0.8649110198020935 
0.8253219723701477 0.7823172807693481 0.873329758644104 0.8614036440849304 
0.8228027820587158 0.7740263938903809 0.8781400322914124 0.8602722883224487 
0.6871898770332336 0.7961050868034363 0.6044895648956299 0.8484374284744263 
0.7132613062858582 0.7697069644927979 0.6645287871360779 0.8443794250488281 
0.7148780226707458 0.7791088819503784 0.6604311466217041 0.8482652306556702 
0.7096524834632874 0.7743838429450989 0.6549082398414612 0.8500955104827881 
0.7419145703315735 0.7730783820152283 0.7131658792495728 0.8546473979949951 
0.7317438125610352 0.7699724435806274 0.6971316337585449 0.8448858261108398 
0.717695951461792 0.7843261361122131 0.661500096321106 0.8523880243301392 
0.7256120443344116 0.7695226669311523 0.6864421963691711 0.8472388982772827 
0.7100511789321899 0.7750843167304993 0.6550863981246948 0.8473324775695801 
0.7384729385375977 0.7704219818115234 0.709068238735199 0.853361964225769 
0.7397159337997437 0.7668770551681519 0.7144129872322083 0.8472540974617004 
0.7228984832763672 0.7823651432991028 0.6718332171440125 0.848534882068634 
0.7271706461906433 0.7657142877578735 0.6923214197158813 0.841722309589386 
0.6935659646987915 0.7818506956100464 0.6231961250305176 0.84505695104599 
0.6903414726257324 0.762993335723877 0.6303224563598633 0.831890344619751 
0.7184728384017944 0.7829375863075256 0.6638161540031433 0.852341890335083 
0.7340564727783203 0.7724857330322266 0.6992695331573486 0.85399329662323 
0.7599964141845703 0.7597934603691101 0.7601995468139648 0.8527305722236633 
0.7218720316886902 0.7780522704124451 0.6732584834098816 0.8484222888946533 
0.819854199886322 0.799187958240509 0.8416176438331604 0.8679305911064148 
0.7857405543327332 0.811231255531311 0.7618029713630676 0.8690062761306763 
0.8463744521141052 0.7835254669189453 0.9201852679252625 0.8592823147773743 
0.8353734612464905 0.7842401266098022 0.8936397433280945 0.8602092266082764 
0.7881402373313904 0.8129141926765442 0.7648316621780396 0.8676283359527588 
0.7924867272377014 0.7996010184288025 0.7854979634284973 0.8608547449111938 
0.738303542137146 0.7917601466178894 0.6916087865829468 0.8583617806434631 
0.7252054214477539 0.7819905281066895 0.6761090159416199 0.8511462807655334 
0.7162781357765198 0.7913793325424194 0.6541956067085266 0.8603668212890625 
0.8181034326553345 0.7925505042076111 0.8453589677810669 0.8610863089561462 
0.767066478729248 0.7766618132591248 0.7577053308486938 0.8568919897079468 
0.8275569081306458 0.7908751368522644 0.8678068518638611 0.8639887571334839 
0.7333832383155823 0.7727362513542175 0.6978442668914795 0.8567268252372742 
0.7480801939964294 0.7885488867759705 0.71156245470047 0.8622643351554871 
0.7589163780212402 0.7775700688362122 0.7411366701126099 0.8596087694168091 
0.6919459700584412 0.7891373634338379 0.6160698533058167 0.8576484322547913 
0.7374861240386963 0.7686956524848938 0.7087119221687317 0.8569024801254272 
0.7305690050125122 0.7639510035514832 0.6999821662902832 0.855759859085083 
0.7343094348907471 0.7704501152038574 0.7014074325561523 0.8607524633407593 
0.7245061993598938 0.7715378403663635 0.6828790307044983 0.8610199093818665 
0.705459475517273 0.7756889462471008 0.6468911170959473 0.8542510867118835 
0.6895331740379333 0.7689609527587891 0.624977707862854 0.8546284437179565 
0.7138815522193909 0.7889176607131958 0.6518795490264893 0.8584891557693481 
0.7456172108650208 0.7647499442100525 0.7274184823036194 0.8544500470161438 
0.7307149171829224 0.7751798629760742 0.6910743117332458 0.8547356724739075 
0.7005863189697266 0.7921348214149475 0.6280063986778259 0.8576146364212036 
0.7374374270439148 0.7687995433807373 0.708533763885498 0.8502404093742371 
0.7185949087142944 0.7740077972412109 0.6705861687660217 0.8519936203956604 
0.7248817682266235 0.7728464603424072 0.682522714138031 0.845684289932251 
0.7397085428237915 0.756661057472229 0.7234990000724792 0.8417463302612305 
0.6813187003135681 0.7847189903259277 0.6019953489303589 0.8421993255615234 
0.722180187702179 0.7701311707496643 0.6798503398895264 0.8455497622489929 
0.7078298926353455 0.7594936490058899 0.6627472043037415 0.8337532877922058 
0.7760793566703796 0.7787944078445435 0.7733832001686096 0.8598077893257141 
0.8019776344299316 0.7814401388168335 0.8236237168312073 0.863336443901062 
0.7711105346679688 0.7836644649505615 0.7589524388313293 0.86685711145401 
0.7769874930381775 0.785402238368988 0.7687510848045349 0.8648391962051392 
0.8052463531494141 0.780789852142334 0.8312845230102539 0.8624102473258972 
0.7608982920646667 0.8088265061378479 0.7183324694633484 0.8607401251792908 
0.7589521408081055 0.8055611252784729 0.7174416780471802 0.8610349893569946 
0.7917311787605286 0.8097988367080688 0.7744521498680115 0.8716408610343933 
0.8281885981559753 0.7902573347091675 0.8699447512626648 0.8649193048477173 
0.826807975769043 0.794741153717041 0.8615713715553284 0.867306649684906 
0.8093311786651611 0.7829779982566833 0.8375200629234314 0.8563119173049927 
0.8070113658905029 0.7980836033821106 0.8161411285400391 0.8611884713172913 
0.806382417678833 0.7776306867599487 0.8373419046401978 0.8504496812820435 
0.8127269744873047 0.789517879486084 0.8373419046401978 0.8619735836982727 
0.7929651737213135 0.8116022944450378 0.775164783000946 0.868808388710022 
0.7087651491165161 0.776528000831604 0.6518795490264893 0.8518499135971069 
0.7036712169647217 0.775987982749939 0.6436843276023865 0.8451218008995056 
0.7257399559020996 0.765159010887146 0.6901835203170776 0.8389193415641785 
0.7060883045196533 0.7774683833122253 0.6467129588127136 0.8427817821502686 
0.7245098948478699 0.7650554776191711 0.6880456209182739 0.8382197618484497 
0.7258416414260864 0.775952935218811 0.6818100810050964 0.8485379219055176 
0.7014766931533813 0.7653748989105225 0.6474255919456482 0.8449796438217163 
0.6760052442550659 0.7781902551651001 0.5975414514541626 0.841517448425293 
0.709369957447052 0.762812614440918 0.6629253625869751 0.84266197681427 
0.7010571360588074 0.7779709100723267 0.6379832625389099 0.8438776731491089 
0.6998054385185242 0.7707306742668152 0.6408337950706482 0.8469691872596741 
0.7387219667434692 0.772868812084198 0.7074648141860962 0.8560262322425842 
0.839430034160614 0.788509726524353 0.897381067276001 0.881266713142395 
0.8258740305900574 0.7850377559661865 0.8711918592453003 0.8717944622039795 
0.7820912003517151 0.8044829368591309 0.7609121799468994 0.8728955388069153 
0.8015950322151184 0.7974259257316589 0.8058079481124878 0.8744342923164368 
0.805306613445282 0.794418454170227 0.8164974451065063 0.8704266548156738 
0.7953226566314697 0.796958863735199 0.7936931848526001 0.8723089098930359 
0.7751468420028687 0.7993564009666443 0.7523605823516846 0.8742183446884155 
0.8020010590553284 0.790347695350647 0.8140032291412354 0.8717747330665588 
0.8256293535232544 0.7827267050743103 0.8735079169273376 0.8771312832832336 
0.7049354910850525 0.7734042406082153 0.6476037502288818 0.8485021591186523 
0.7406927347183228 0.7712632417678833 0.7124532461166382 0.8557924032211304 
0.7118281722068787 0.7831479907035828 0.6524140238761902 0.8501365184783936 
0.8246296644210815 0.7700154781341553 0.8875824213027954 0.8491882085800171 
0.7993980050086975 0.794474720954895 0.8043826818466187 0.873292088508606 
0.7356651425361633 0.7934446334838867 0.6857295632362366 0.8616091012954712 
0.7688880562782288 0.802557647228241 0.7379298210144043 0.869225263595581 
0.7855297327041626 0.7857397794723511 0.7853198051452637 0.8654329776763916 
0.7469652891159058 0.7915835380554199 0.7071084976196289 0.8681173324584961 
0.7997519969940186 0.7951743602752686 0.8043826818466187 0.8713417649269104 
0.8231010437011719 0.7843770384788513 0.8658471703529358 0.8697617650032043 
0.8232558369636536 0.7968984246253967 0.8514163494110107 0.8706604242324829 
0.7408334016799927 0.80556720495224 0.6857295632362366 0.8726034760475159 
0.7815288305282593 0.80791175365448 0.7568145394325256 0.871250569820404 
0.7969735264778137 0.805975615978241 0.788170337677002 0.8760960698127747 
0.8217502236366272 0.7854474782943726 0.8615713715553284 0.8620204925537109 
0.7839852571487427 0.8109291791915894 0.7587742805480957 0.8625791072845459 
0.7897343635559082 0.7984340786933899 0.7812221646308899 0.8684278726577759 
0.7765528559684753 0.7813853025436401 0.7717797756195068 0.8521517515182495 
0.806501567363739 0.7795511484146118 0.8353821635246277 0.8493900299072266 
0.7809053063392639 0.7736014127731323 0.7883484959602356 0.8466671109199524 
0.7282713651657104 0.7930744886398315 0.6732584834098816 0.8521293997764587 
0.7410336136817932 0.7856287360191345 0.7012292742729187 0.8518717288970947 
0.6924870610237122 0.8035294413566589 0.60840904712677 0.854471743106842 
0.7784582376480103 0.7871061563491821 0.7699981927871704 0.8587287068367004 
0.7385764718055725 0.7987982034683228 0.6867985129356384 0.8658217787742615 
0.7695595622062683 0.8042338490486145 0.7377516627311707 0.86795574426651 
0.7495478391647339 0.8047833442687988 0.7014074325561523 0.8634610176086426 
0.7624654769897461 0.7882822751998901 0.7382861375808716 0.8620355725288391 
0.7819322943687439 0.7759649157524109 0.7879921793937683 0.8614742159843445 
0.767891526222229 0.7905660271644592 0.7464813590049744 0.8626915812492371 
0.7423416376113892 0.785444438457489 0.7037234902381897 0.858546257019043 
0.7771763205528259 0.7742220759391785 0.780153214931488 0.8636873364448547 
0.7680725455284119 0.7823355793952942 0.7543203234672546 0.8676804304122925 
0.7754502296447754 0.8006070852279663 0.7518261075019836 0.8667276501655579 
0.6568028926849365 0.7833169102668762 0.5654730200767517 0.8528673052787781 
0.7699964046478271 0.7823129296302795 0.7580616474151611 0.8531440496444702 
0.7691473960876465 0.7799963355064392 0.7585961222648621 0.850574791431427 
0.7813768982887268 0.7915905117988586 0.7714234590530396 0.8646407127380371 
0.7591281533241272 0.7954323887825012 0.7259932160377502 0.8613613247871399 
0.7690607905387878 0.7958833575248718 0.7439871430397034 0.866603672504425 
0.7864172458648682 0.7827391624450684 0.790130078792572 0.860676646232605 
0.7743286490440369 0.7916976809501648 0.7577053308486938 0.8626275658607483 
0.6013201475143433 0.786022424697876 0.48690539598464966 0.8609501123428345 
0.6860706806182861 0.7720588445663452 0.6173169612884521 0.8575981259346008 
0.7794198393821716 0.7986539602279663 0.7610903382301331 0.8605819344520569 
0.7792587280273438 0.7991012930870056 0.7603777050971985 0.8567081689834595 
0.7843067049980164 0.7886867523193359 0.7799750566482544 0.8534032106399536 
0.8098799586296082 0.791163980960846 0.8295029401779175 0.8621975183486938 
0.7029313445091248 0.7847573161125183 0.6365579962730408 0.8626905679702759 
0.8033122420310974 0.8029547929763794 0.8036700487136841 0.8633489608764648 
0.8002130389213562 0.7973116636276245 0.8031355738639832 0.8587222099304199 
0.6484431028366089 0.7661486268043518 0.5620880126953125 0.8393813967704773 
0.6569891571998596 0.7635677456855774 0.5765187740325928 0.8170015215873718 
0.6360669732093811 0.7774060964584351 0.5382148623466492 0.8297663927078247 
0.6655870676040649 0.7705647945404053 0.5857830047607422 0.8430987000465393 
0.6221505403518677 0.7846487760543823 0.5154106616973877 0.8046765923500061 
0.6442729234695435 0.7772464156150818 0.5501514077186584 0.8010399341583252 
0.6851611733436584 0.7788112759590149 0.6116158962249756 0.8135225176811218 
0.6733152270317078 0.7746870517730713 0.5954035520553589 0.8235169649124146 
0.7114609479904175 0.7712799310684204 0.6602529883384705 0.8410649299621582 
0.6921089291572571 0.7826477885246277 0.6203456521034241 0.8293750286102295 
0.7124126553535461 0.7696443200111389 0.6631035208702087 0.8324500322341919 
0.6501826047897339 0.7844914197921753 0.5551398396492004 0.8249701261520386 
0.7058378458023071 0.7526230812072754 0.6645287871360779 0.8142414093017578 
0.6747429370880127 0.7871733903884888 0.5904151201248169 0.8247014880180359 
0.6661891341209412 0.7826400399208069 0.579903781414032 0.8104808330535889 
0.678917407989502 0.7724999785423279 0.6055585145950317 0.806727409362793 
0.7872509956359863 0.7824709415435791 0.7920898199081421 0.8539688587188721 
0.7906935214996338 0.7882436513900757 0.7931587100028992 0.8625633716583252 
0.7517105340957642 0.793117105960846 0.7144129872322083 0.8562371730804443 
0.7565900087356567 0.7958701848983765 0.7210047841072083 0.862996518611908 
0.759826123714447 0.7900000214576721 0.7318724393844604 0.8515801429748535 
0.7536095380783081 0.8011637330055237 0.7113842964172363 0.8582238554954529 
0.7735396027565002 0.7720980048179626 0.7749866247177124 0.852989673614502 
0.7311113476753235 0.809874415397644 0.6663103699684143 0.8583860397338867 
0.7718573212623596 0.7786439657211304 0.7651879787445068 0.8516438603401184 
0.8041725158691406 0.7915444374084473 0.8172100186347961 0.8594532608985901 
0.7965559959411621 0.7937378287315369 0.7993942499160767 0.864417552947998 
0.804063081741333 0.8042780756950378 0.8038482069969177 0.8631951808929443 
0.8063812851905823 0.7895185947418213 0.8239800333976746 0.8634395599365234 
0.7904385328292847 0.7974614500999451 0.7835382223129272 0.869205892086029 
0.762004554271698 0.8189637660980225 0.7124532461166382 0.8577687740325928 
0.7332421541213989 0.8119454383850098 0.668448269367218 0.847253680229187 
0.7337960600852966 0.8130415678024292 0.6686264276504517 0.8517144918441772 
0.7736279964447021 0.7935556173324585 0.7546766400337219 0.8522945642471313 
0.7794277667999268 0.7924875617027283 0.7667914032936096 0.8535705804824829 
0.6249197125434875 0.782783567905426 0.5200427770614624 0.8425835967063904 
0.8099784851074219 0.7831004858016968 0.8387671709060669 0.8503684997558594 
0.8064767718315125 0.7845350503921509 0.8296810984611511 0.8502567410469055 
0.7115198373794556 0.7790969014167786 0.6547300815582275 0.8473808765411377 
0.6406732797622681 0.7967673540115356 0.5357206463813782 0.8477581143379211 
0.7216376662254333 0.7791778445243835 0.6720113754272461 0.8492122292518616 
0.6999413967132568 0.7747027277946472 0.6383395791053772 0.848299503326416 
0.7208131551742554 0.7720797657966614 0.6759308576583862 0.8438987135887146 
0.702745258808136 0.784835159778595 0.6362016797065735 0.850692629814148 
0.7182437181472778 0.7775010466575623 0.6673793196678162 0.8472579717636108 
0.7263339161872864 0.7839009165763855 0.6766434907913208 0.8510866165161133 
0.7620896697044373 0.7921953201293945 0.7341884970664978 0.8423847556114197 
0.6402330994606018 0.7697697877883911 0.5480135679244995 0.8395667672157288 
0.6507740020751953 0.7733627557754517 0.5617316961288452 0.8372500538825989 
0.7105467319488525 0.7792898416519165 0.6529484987258911 0.8376300930976868 
0.7165476083755493 0.7820864319801331 0.6611437797546387 0.8341392278671265 
0.7588716745376587 0.7755253911018372 0.7429182529449463 0.846736490726471 
0.6845771074295044 0.7752985954284668 0.6128630042076111 0.8374826312065125 
0.67580646276474 0.7782679200172424 0.5971851348876953 0.8411275148391724 
0.6404376029968262 0.7819162607192993 0.542312502861023 0.8316957354545593 
0.6267409324645996 0.7860789895057678 0.5211117267608643 0.8267914056777954 
0.8286046385765076 0.7753454446792603 0.8897203207015991 0.8549214005470276 
0.7421565651893616 0.8099452257156372 0.6848387718200684 0.855207085609436 
0.7447532415390015 0.7933534979820251 0.7017637491226196 0.8410970568656921 
0.7508236765861511 0.7960079908370972 0.7104935050010681 0.8517767786979675 
0.7784656882286072 0.7841648459434509 0.7728487253189087 0.8561837077140808 
0.7739470601081848 0.7907063364982605 0.7578834891319275 0.845221221446991 
0.7632039785385132 0.790679931640625 0.737573504447937 0.8450198769569397 
0.6731980443000793 0.7669703960418701 0.5998574495315552 0.8422167301177979 
0.7233600616455078 0.7691690325737 0.6827008724212646 0.8377593755722046 
0.6906716823577881 0.7764679789543152 0.6219490766525269 0.849199116230011 
0.7664366364479065 0.7816262245178223 0.7518261075019836 0.8425590395927429 
0.801611602306366 0.7884217500686646 0.8152503371238708 0.8469139337539673 
0.7581748366355896 0.7996047139167786 0.7208266258239746 0.8447839617729187 
0.6608821153640747 0.7863815426826477 0.5699269771575928 0.8501444458961487 
0.6496720910072327 0.7995314002037048 0.5471227765083313 0.8442531228065491 
0.6670047640800476 0.774375855922699 0.5857830047607422 0.8512802720069885 
0.642201840877533 0.7740638256072998 0.5487262010574341 0.8553754091262817 
0.666599452495575 0.7677658796310425 0.5889898538589478 0.8541725277900696 
0.7459366917610168 0.7995110154151917 0.699091374874115 0.8624635934829712 
0.7941434383392334 0.7818056344985962 0.8068768978118896 0.8623038530349731 
0.7464323043823242 0.7948873043060303 0.703545331954956 0.8513118028640747 
0.6214054226875305 0.7902117371559143 0.5120256543159485 0.8420678973197937 
0.6890522837638855 0.7788007855415344 0.6178514361381531 0.8511105179786682 
0.734917402267456 0.7670993804931641 0.7053269147872925 0.8558264970779419 
0.6836335062980652 0.7586356997489929 0.6221271753311157 0.8531270027160645 
0.6604651212692261 0.7636193633079529 0.581863522529602 0.8415079712867737 
0.6766377687454224 0.7683423757553101 0.6044895648956299 0.8492765426635742 
0.6697211265563965 0.7594307661056519 0.598966658115387 0.8499617576599121 
0.7759877443313599 0.7841033339500427 0.7680385112762451 0.8712238669395447 
0.7461110353469849 0.7923508286476135 0.7049705982208252 0.8582266569137573 
0.7787145376205444 0.7927279472351074 0.7651879787445068 0.8690383434295654 
0.798565685749054 0.803680956363678 0.7935150265693665 0.8764647245407104 
0.7678087949752808 0.8065907955169678 0.732585072517395 0.8775082230567932 
0.7965966463088989 0.7925925850868225 0.8006413578987122 0.8694123029708862 
0.8172419667243958 0.8039993047714233 0.8309282064437866 0.8802659511566162 
0.795661985874176 0.8074101209640503 0.7842508554458618 0.8727156519889832 
0.7983193397521973 0.8011842966079712 0.7954747676849365 0.8686994314193726 
0.7408542633056641 0.8009939789772034 0.6891145706176758 0.8690500259399414 
0.8176566958427429 0.7921817302703857 0.844824492931366 0.8801572322845459 
0.7936508059501648 0.8132361173629761 0.7749866247177124 0.8778715133666992 
0.8156801462173462 0.7930338382720947 0.8396579623222351 0.8712327480316162 
0.8100495338439941 0.7910016775131226 0.8300374150276184 0.8717429041862488 
0.8059093952178955 0.8003865480422974 0.8115090131759644 0.8738530874252319 
0.7955703735351562 0.7850823998451233 0.8063424229621887 0.8655545115470886 
0.777485728263855 0.7913284301757812 0.764119029045105 0.8619682192802429 
0.7907964587211609 0.7856515049934387 0.7960092425346375 0.8709378838539124 
0.773966908454895 0.804381251335144 0.7457687258720398 0.867804765701294 
0.768038809299469 0.8066666722297668 0.7329413890838623 0.8681349754333496 
0.7717137932777405 0.8100274205207825 0.7368608713150024 0.8661710619926453 
0.6402277946472168 0.7846432328224182 0.5407090783119202 0.8545511364936829 
0.610438346862793 0.7660032510757446 0.5073935389518738 0.8373382687568665 
0.6631472110748291 0.7708284258842468 0.581863522529602 0.8484625220298767 
0.6333860158920288 0.7746007442474365 0.5357206463813782 0.8448736667633057 
0.7783783674240112 0.7873154878616333 0.7696418762207031 0.857035219669342 
0.6660580039024353 0.77338045835495 0.584892213344574 0.8497551679611206 
0.7726776003837585 0.7903856635093689 0.7557455897331238 0.8614700436592102 
0.7518725991249084 0.8036076426506042 0.7063958644866943 0.8642457127571106 
0.765468418598175 0.7908434867858887 0.7416711449623108 0.862634003162384 
0.7784485220909119 0.7874590158462524 0.7696418762207031 0.864864706993103 
0.775926411151886 0.7934823036193848 0.759130597114563 0.8689279556274414 
0.6754553914070129 0.7761332392692566 0.5978977084159851 0.855370283126831 
0.6894923448562622 0.7699406743049622 0.6242650747299194 0.8506029844284058 
0.6816486716270447 0.784686803817749 0.6025298237800598 0.8554163575172424 
0.6967413425445557 0.7729049324989319 0.6342419385910034 0.8623112440109253 
0.6792982220649719 0.7767079472541809 0.6035987734794617 0.8567208051681519 
0.7741641402244568 0.7921327352523804 0.7569926977157593 0.8604311347007751 
0.6855618953704834 0.7691114544868469 0.618385910987854 0.8550784587860107 
0.7571762800216675 0.796733558177948 0.7213611006736755 0.8567503690719604 
0.6627315282821655 0.7728459239006042 0.5800819396972656 0.8488082885742188 
0.6684221029281616 0.7744660973548889 0.5879209041595459 0.8484530448913574 
0.6943005323410034 0.7692807912826538 0.6326385140419006 0.8542618155479431 
0.6652593612670898 0.7633218169212341 0.5895243287086487 0.8481531739234924 
0.7844028472900391 0.8007051348686218 0.7687510848045349 0.8669096827507019 
0.6715656518936157 0.7861409783363342 0.5861393213272095 0.8648723363876343 
0.6884985566139221 0.7771057486534119 0.6180295944213867 0.8637658953666687 
0.791617751121521 0.8028581738471985 0.780687689781189 0.8662176132202148 
0.6776441931724548 0.7825478315353394 0.5975414514541626 0.8512008786201477 
0.694000780582428 0.7654135227203369 0.6347764134407043 0.8465550541877747 
0.6769322752952576 0.765102207660675 0.6069837808609009 0.8461986780166626 
0.7166634798049927 0.7738070487976074 0.6673793196678162 0.8444437980651855 
0.7168866395950317 0.7804110646247864 0.6629253625869751 0.8520177006721497 
0.702904999256134 0.78577721118927 0.6358453631401062 0.8483929634094238 
0.6770812273025513 0.7795312404632568 0.598432183265686 0.850648820400238 
0.632715106010437 0.7681933641433716 0.5378585457801819 0.8438095450401306 
0.7617013454437256 0.7955383062362671 0.730625331401825 0.8695220947265625 
0.7462545037269592 0.7976890206336975 0.7010511159896851 0.8684179782867432 
0.7626544833183289 0.7842620611190796 0.7422056198120117 0.8674047589302063 
0.7440129518508911 0.8009449243545532 0.6946374773979187 0.8504040241241455 
0.7474231719970703 0.796453058719635 0.704079806804657 0.8526021242141724 
0.7647598385810852 0.7877242565155029 0.7430964112281799 0.8581830263137817 
0.7666850686073303 0.7920227646827698 0.7429182529449463 0.8626093864440918 
0.6827085614204407 0.7725022435188293 0.6116158962249756 0.8251969218254089 
0.689533531665802 0.7662818431854248 0.6267592906951904 0.8370733261108398 
0.6885637640953064 0.7801082730293274 0.6162480115890503 0.8424522876739502 
0.6933019757270813 0.7697325348854065 0.6306787729263306 0.8464536666870117 
0.6591242551803589 0.7998982667922974 0.5604845881462097 0.8425561785697937 
0.6811608672142029 0.7736746668815613 0.60840904712677 0.8387293815612793 
0.6845369338989258 0.7803876996040344 0.6096561551094055 0.8396865725517273 
0.6827999949455261 0.778208315372467 0.6082308888435364 0.8429311513900757 
0.6615527868270874 0.7910262942314148 0.5685017108917236 0.845508873462677 
0.6598131060600281 0.7908887267112732 0.5660074949264526 0.8345584869384766 
0.6873579025268555 0.7719804644584656 0.6194548606872559 0.844995379447937 
0.6721227765083313 0.7892839908599854 0.5852485299110413 0.8456233739852905 
0.6477142572402954 0.7794486284255981 0.5540708899497986 0.8447978496551514 
0.6553565859794617 0.7949694991111755 0.5574558973312378 0.848839282989502 
0.6336355805397034 0.8038893342018127 0.5228933095932007 0.8565872311592102 
0.6311054229736328 0.7912973165512085 0.524852991104126 0.8485211730003357 
0.7545718550682068 0.7966336607933044 0.7167290449142456 0.8570494651794434 
0.7904924750328064 0.7990534901618958 0.7821129560470581 0.8594300150871277 
0.7853489518165588 0.8058106899261475 0.7659006118774414 0.8688344359397888 
0.6977311968803406 0.8133301734924316 0.610903263092041 0.8480437397956848 
0.7155871391296387 0.8167275786399841 0.6367361545562744 0.855341911315918 
0.7819992899894714 0.8105524778366089 0.7553892731666565 0.8577725291252136 
0.738541841506958 0.8075703382492065 0.6803848147392273 0.8563622832298279 
0.7644715905189514 0.7961034178733826 0.7352574467658997 0.8582471609115601 
0.777953028678894 0.8117738366127014 0.7468376755714417 0.8689310550689697 
0.7389863729476929 0.8157951235771179 0.6753963828086853 0.8657287955284119 
0.7306938171386719 0.8120235204696655 0.6641724705696106 0.8623664379119873 
0.7566760182380676 0.7949774265289307 0.7218955755233765 0.8576326966285706 
0.773072361946106 0.794360876083374 0.7528950572013855 0.8646852374076843 
0.7780511975288391 0.7965658903121948 0.7603777050971985 0.8659656047821045 
0.7704524397850037 0.7996932864189148 0.7432745695114136 0.8638127446174622 
0.757661759853363 0.807622492313385 0.71352219581604 0.8705925941467285 
0.7831501960754395 0.8057282567024231 0.7618029713630676 0.8747095465660095 
0.7387316823005676 0.8164761662483215 0.6745055913925171 0.8672245144844055 
0.7633503079414368 0.7942989468574524 0.7347229719161987 0.8674564957618713 
0.6328215003013611 0.7648990154266357 0.5396401286125183 0.8316777348518372 
0.683392345905304 0.7631289958953857 0.6187422275543213 0.8416992425918579 
0.6589218378067017 0.7697619199752808 0.5759842991828918 0.8450005650520325 
0.6876094341278076 0.7571214437484741 0.6297879815101624 0.843921422958374 
0.6596203446388245 0.7778315544128418 0.5725993514060974 0.8401390314102173 
0.6902254223823547 0.7712274789810181 0.6246213912963867 0.8426679968833923 
0.6883040070533752 0.7740930318832397 0.6196330189704895 0.8453020453453064 
0.7130135297775269 0.7708074450492859 0.6632816791534424 0.8475425243377686 
0.6897918581962585 0.7773062586784363 0.6199893355369568 0.844987690448761 
0.705597996711731 0.7714587450027466 0.6500979661941528 0.8379812240600586 
0.6722605228424072 0.7651205062866211 0.5995011329650879 0.8369100093841553 
0.6538022756576538 0.7826626896858215 0.5613753795623779 0.8402765393257141 
0.668755054473877 0.7725893259048462 0.5895243287086487 0.8478093147277832 
0.6528968214988708 0.7766584753990173 0.5631569623947144 0.853318452835083 
0.6511917114257812 0.7783007025718689 0.5597719550132751 0.8467344045639038 
0.6553357839584351 0.7768009901046753 0.5667201280593872 0.8514965772628784 
0.6840059757232666 0.7761194109916687 0.6114377379417419 0.8477417230606079 
0.7025611400604248 0.7712460160255432 0.6451095938682556 0.8586283922195435 
0.6889685392379761 0.7808620929718018 0.6164261698722839 0.8602041602134705 
0.6764380931854248 0.7748389840126038 0.6002137660980225 0.8602967262268066 
0.6749899387359619 0.7761055827140808 0.5971851348876953 0.850604772567749 
0.6520783305168152 0.7907567024230957 0.5547835230827332 0.8514447212219238 
0.6608138680458069 0.7861882448196411 0.5699269771575928 0.8475231528282166 
0.69167160987854 0.7729372978210449 0.6258684992790222 0.8330008387565613 
0.6887378096580505 0.7705026268959045 0.6226616501808167 0.8534204959869385 
0.662791907787323 0.7749165296554565 0.5790129899978638 0.8392832279205322 
0.6804410219192505 0.7689716815948486 0.6101906299591064 0.8399692177772522 
0.661484956741333 0.7764706015586853 0.5761624574661255 0.8404867053031921 
0.664440393447876 0.7690325379371643 0.584892213344574 0.8398892283439636 
0.6659844517707825 0.782399594783783 0.5797256231307983 0.8443287014961243 
0.6951433420181274 0.767937958240509 0.634954571723938 0.8452687859535217 
0.7689429521560669 0.8095331788063049 0.7322287559509277 0.8700507283210754 
0.7549354434013367 0.8078407645225525 0.708533763885498 0.8662422299385071 
0.762695848941803 0.811082124710083 0.7197576761245728 0.8611273765563965 
0.7855456471443176 0.8009628057479858 0.770710825920105 0.8630008101463318 
0.8074378967285156 0.8103355169296265 0.8045608401298523 0.8640831708908081 
0.7967700958251953 0.811795175075531 0.7822911143302917 0.8606982231140137 
0.7961708903312683 0.8073260188102722 0.7853198051452637 0.8582941889762878 
0.8125166296958923 0.8085744380950928 0.8164974451065063 0.8698627948760986 
0.7241513729095459 0.8001724481582642 0.6613219380378723 0.8644440174102783 
0.725866436958313 0.8056944012641907 0.6604311466217041 0.8658393621444702 
0.6878624558448792 0.78377765417099 0.6128630042076111 0.8535169959068298 
0.7388476133346558 0.7722945213317871 0.7081774473190308 0.8627881407737732 
0.7206579446792603 0.7886489033699036 0.663459837436676 0.8604834079742432 
0.7161690592765808 0.785456120967865 0.6581150889396667 0.8581175804138184 
0.6871339082717896 0.7931919097900391 0.6060929894447327 0.8544376492500305 
0.7949271202087402 0.8027247786521912 0.7872795462608337 0.865532636642456 
0.7570865154266357 0.8000396490097046 0.718510627746582 0.8675307035446167 
0.7666698098182678 0.8068897724151611 0.7302690148353577 0.8603759407997131 
0.7802541851997375 0.8076263070106506 0.7546766400337219 0.8686449527740479 
0.8123729825019836 0.8060329556465149 0.8188134431838989 0.8717425465583801 
0.7850449681282043 0.8280292749404907 0.7463032007217407 0.8657500743865967 
0.766465961933136 0.798340380191803 0.7370390295982361 0.8573774099349976 
0.7732797265052795 0.79380863904953 0.7537858486175537 0.8562743067741394 
0.753612220287323 0.8018488883972168 0.7108498215675354 0.84499192237854 
0.7716004252433777 0.7898861765861511 0.754142165184021 0.8568687438964844 
0.7478093504905701 0.8137049674987793 0.6917869448661804 0.8595267534255981 
0.7824804186820984 0.8109709620475769 0.7559237480163574 0.8691582679748535 
0.7368011474609375 0.811001718044281 0.675040066242218 0.8564678430557251 
0.790363609790802 0.8069426417350769 0.7744521498680115 0.8598816394805908 
0.7947614192962646 0.8003613352775574 0.7892392873764038 0.8621237874031067 
0.7683752179145813 0.8008114099502563 0.7384642958641052 0.8573843240737915 
0.7660205960273743 0.7988394498825073 0.7357919216156006 0.8552384972572327 
0.654507577419281 0.788548469543457 0.5594156384468079 0.8587635159492493 
0.7974390983581543 0.796023428440094 0.7988597750663757 0.85931795835495 
0.6944802403450012 0.7824921607971191 0.6242650747299194 0.854948878288269 
0.6959278583526611 0.7839285731315613 0.6256903409957886 0.8403170108795166 
0.6429769396781921 0.7810032963752747 0.5464101433753967 0.8341708183288574 
0.6528711915016174 0.7786278128623962 0.5620880126953125 0.8282834887504578 
0.689259946346283 0.7737355828285217 0.6214146018028259 0.8442944288253784 
0.6733638644218445 0.7622157335281372 0.6030642986297607 0.84561687707901 
0.6552149653434753 0.7751277685165405 0.5674327611923218 0.8419858813285828 
0.679279088973999 0.7699774503707886 0.6076964139938354 0.848834753036499 
0.7631504535675049 0.8087355494499207 0.7224300503730774 0.8727240562438965 
0.7543363571166992 0.8010010123252869 0.7128095626831055 0.8703479766845703 
0.7461406588554382 0.8020897507667542 0.6974879503250122 0.8687006235122681 
0.7823997139930725 0.8130643367767334 0.7539640069007874 0.865738570690155 
0.6595350503921509 0.7802385091781616 0.5711740851402283 0.851673424243927 
0.7033807039260864 0.7815766334533691 0.639408528804779 0.854174017906189 
0.6279094219207764 0.7781875729560852 0.5262782573699951 0.8509025573730469 
0.7799635529518127 0.7978386282920837 0.7628719210624695 0.8544021844863892 
0.757841169834137 0.8039568066596985 0.7167290449142456 0.8525921106338501 
0.7544237375259399 0.7949881553649902 0.7177979946136475 0.8514007925987244 
0.7750821113586426 0.7940571904182434 0.7569926977157593 0.8496089577674866 
0.7649123072624207 0.7939428687095642 0.7379298210144043 0.8474281430244446 
0.7797667980194092 0.804356038570404 0.756636381149292 0.866801381111145 
0.7855390906333923 0.8013343214988708 0.7703545093536377 0.8550346493721008 
0.6448962688446045 0.7889175415039062 0.5453411936759949 0.8565568327903748 
0.7108185291290283 0.7925065755844116 0.644396960735321 0.8620534539222717 
0.6743247509002686 0.804444432258606 0.5804382562637329 0.8579878807067871 
0.702190637588501 0.7869940400123596 0.6338856220245361 0.8512019515037537 
0.6658981442451477 0.8086026906967163 0.5660074949264526 0.8524534702301025 
0.8150309324264526 0.8090223073959351 0.8211295008659363 0.8732339143753052 
0.7683007717132568 0.8176518082618713 0.7245679497718811 0.8649940490722656 
0.7820990085601807 0.8185004591941833 0.7487974166870117 0.8677425384521484 
0.8110421895980835 0.7956805229187012 0.8270087242126465 0.8745067715644836 
0.8044682741165161 0.8070647120475769 0.8018884658813477 0.8775283098220825 
0.7282777428627014 0.7991061806678772 0.668982744216919 0.8657512068748474 
0.7921363711357117 0.8020452857017517 0.7824692726135254 0.8752360939979553 
0.7708449363708496 0.8049253225326538 0.7395332455635071 0.8685771226882935 
0.7879712581634521 0.7941016554832458 0.7819347977638245 0.8689330816268921 
0.7719881534576416 0.801765501499176 0.7443434596061707 0.8690075874328613 
0.773966908454895 0.804381251335144 0.7457687258720398 0.8710694909095764 
0.7759276032447815 0.7884863018989563 0.7637627124786377 0.8648192882537842 
0.7483355402946472 0.8026933073997498 0.7008729577064514 0.8629786372184753 
0.7165733575820923 0.7987297177314758 0.6497416496276855 0.8595725893974304 
0.7470015287399292 0.7879027724266052 0.7101371884346008 0.8582358956336975 
0.7594520449638367 0.7790893912315369 0.7407803535461426 0.8580866456031799 
0.7550223469734192 0.7898423671722412 0.723142683506012 0.8634058833122253 
0.7392833232879639 0.7923797965049744 0.6928558945655823 0.8625208139419556 
0.7559708952903748 0.8040160536766052 0.7133440375328064 0.8667269945144653 
0.78170245885849 0.810325026512146 0.7550329566001892 0.8657975196838379 
0.7935709953308105 0.7999637722969055 0.7872795462608337 0.8679785132408142 
0.7482259273529053 0.7978208065032959 0.7044361233711243 0.85487961769104 
0.7274874448776245 0.8126649260520935 0.658471405506134 0.8574571013450623 
0.7654411792755127 0.7905828952789307 0.7418493032455444 0.8598570227622986 
0.6595569849014282 0.776999294757843 0.5729556679725647 0.8416334390640259 
0.6468873620033264 0.7781116962432861 0.5535364151000977 0.8448197245597839 
0.6558820605278015 0.771064043045044 0.5706396102905273 0.8490353226661682 
0.6610552072525024 0.7798498272895813 0.5736682415008545 0.8471996188163757 
0.6768982410430908 0.7811698913574219 0.5971851348876953 0.8564540147781372 
0.7487227916717529 0.7982650995254517 0.7049705982208252 0.8553476333618164 
0.7454562783241272 0.8000408411026001 0.6978442668914795 0.8481261730194092 
0.7678024172782898 0.801667332649231 0.7366827130317688 0.852500855922699 
0.7436705827713013 0.8018129467964172 0.6933903694152832 0.8433752059936523 
0.7689079642295837 0.7879580855369568 0.7507571578025818 0.8470562100410461 
0.6841169595718384 0.7676790356636047 0.6169606447219849 0.8530070185661316 
0.7453725934028625 0.8072289228439331 0.6923214197158813 0.8660367727279663 
0.7539960145950317 0.8036290407180786 0.7101371884346008 0.8719388246536255 
0.7618603706359863 0.798866331577301 0.728131115436554 0.8663883805274963 
0.7433390617370605 0.8043974041938782 0.6908961534500122 0.8689277172088623 
0.7685638070106506 0.7968630194664001 0.7422056198120117 0.8729643225669861 
0.7551136612892151 0.8059430122375488 0.7103153467178345 0.8675194382667542 
0.737837553024292 0.8148148059844971 0.6741492748260498 0.8657078742980957 
0.7630729675292969 0.7910133600234985 0.7370390295982361 0.8673366904258728 
0.7521254420280457 0.8005228042602539 0.7092463970184326 0.864483118057251 
0.7662977576255798 0.801556408405304 0.7340103387832642 0.8727965354919434 
0.7633376121520996 0.7919938564300537 0.7366827130317688 0.8652051687240601 
0.7438206672668457 0.804559588432312 0.6916087865829468 0.8701322674751282 
0.8374093174934387 0.7950360178947449 0.8845537304878235 0.8767005801200867 
0.7924395203590393 0.7857768535614014 0.799216091632843 0.8680135607719421 
0.7761713266372681 0.7979303598403931 0.7555674314498901 0.8716102838516235 
0.7622966170310974 0.8022043108940125 0.7261713743209839 0.8690566420555115 
0.7412547469139099 0.7945791482925415 0.6946374773979187 0.863190233707428 
0.774925172328949 0.7894639372825623 0.7609121799468994 0.8681493997573853 
0.8077799081802368 0.7946905493736267 0.8213076591491699 0.8709848523139954 
0.7449933290481567 0.8015596270561218 0.6958845257759094 0.8691742420196533 
0.7447779774665833 0.8190171122550964 0.6828790307044983 0.8736859560012817 
0.7573742866516113 0.7982629537582397 0.7204703092575073 0.8661296367645264 
0.6473612189292908 0.7873915433883667 0.5496169328689575 0.8441648483276367 
0.6402206420898438 0.791087806224823 0.5376803874969482 0.8368638157844543 
0.6838761568069458 0.7878717184066772 0.6041332483291626 0.8454417586326599 
0.6565825343132019 0.7920966744422913 0.5606627464294434 0.8443727493286133 
0.705893874168396 0.781940221786499 0.6433280110359192 0.8443046808242798 
0.6910213232040405 0.7829912304878235 0.618385910987854 0.8407530784606934 
0.6429992914199829 0.7799796462059021 0.5469446182250977 0.8351947665214539 
0.6747358441352844 0.7952127456665039 0.5859611630439758 0.8524152040481567 
0.6501796841621399 0.799168586730957 0.5480135679244995 0.8509312868118286 
0.6444210410118103 0.78749680519104 0.5453411936759949 0.8352938294410706 
0.6657776236534119 0.7847642302513123 0.5781221985816956 0.8475427627563477 
0.6618075966835022 0.7962916493415833 0.5661856532096863 0.8526191711425781 
0.7412762641906738 0.8076034188270569 0.685016930103302 0.862104058265686 
0.7579516768455505 0.7954189777374268 0.7238553166389465 0.8681594729423523 
0.746595561504364 0.8019639849662781 0.6983787417411804 0.8691603541374207 
0.7487316727638245 0.80906081199646 0.6967753171920776 0.8655856847763062 
0.7505938410758972 0.8041530847549438 0.7037234902381897 0.8652558326721191 
0.7444234490394592 0.7928326725959778 0.701585590839386 0.8640400171279907 
0.7718268632888794 0.7953128218650818 0.7496882081031799 0.8692286610603333 
0.7113526463508606 0.8174878358840942 0.6296098232269287 0.8566359281539917 
0.7443833947181702 0.811265230178833 0.6876893043518066 0.8601912260055542 
0.752522349357605 0.8078888058662415 0.7042579650878906 0.8607615828514099 
0.751132071018219 0.7982755303382874 0.7092463970184326 0.857381284236908 
0.7386713027954102 0.8009577393531799 0.6853732466697693 0.8544023633003235 
0.747306764125824 0.7957335710525513 0.7044361233711243 0.8621259331703186 
0.7675527334213257 0.7904474139213562 0.7459468841552734 0.866221010684967 
0.7231959104537964 0.8028261065483093 0.6579369306564331 0.8567936420440674 
0.776731014251709 0.7981203198432922 0.7564582228660583 0.8808878660202026 
0.7636024355888367 0.8018423914909363 0.7288437485694885 0.873660683631897 
0.728280246257782 0.8190518617630005 0.6556208729743958 0.8755497932434082 
0.7538899183273315 0.8063730597496033 0.7078211307525635 0.8712892532348633 
0.7460076212882996 0.7996739149093628 0.699091374874115 0.86919105052948 
0.7658299207687378 0.8074264526367188 0.7283092737197876 0.8800454139709473 
0.7586730122566223 0.810613751411438 0.7129877209663391 0.8734225034713745 
