0.7906976938247681 0.7083333134651184 0.8947368264198303 0.8622652888298035 
0.8583691120147705 0.8403361439704895 0.8771929740905762 0.9309787750244141 
0.8947368264198303 0.8947368264198303 0.8947368264198303 0.9169744253158569 
0.9009009003639221 0.9259259104728699 0.8771929740905762 0.9272853136062622 
0.8651162981987 0.9207921028137207 0.8157894611358643 0.9331332445144653 
0.8598130941390991 0.9200000166893005 0.8070175647735596 0.9229762554168701 
0.8429751992225647 0.796875 0.8947368264198303 0.8945444822311401 
0.8558558821678162 0.8796296119689941 0.8333333134651184 0.9345953464508057 
0.8947368264198303 0.8947368264198303 0.8947368264198303 0.9312096238136292 
0.9251101613044739 0.9292035102844238 0.9210526347160339 0.9455217123031616 
0.8095238208770752 0.8854166865348816 0.7456140518188477 0.9205909371376038 
0.8898305296897888 0.8606557250022888 0.9210526347160339 0.9402892589569092 
0.9122806787490845 0.9122806787490845 0.9122806787490845 0.9331332445144653 
0.8333333134651184 0.8823529481887817 0.7894737124443054 0.9130502343177795 
0.8703703880310059 0.9215686321258545 0.8245614171028137 0.9332871437072754 
0.8405796885490417 0.9354838728904724 0.7631579041481018 0.9235919117927551 
0.9035087823867798 0.9035087823867798 0.9035087823867798 0.9312865138053894 
0.9279279112815857 0.9537037014961243 0.9035087823867798 0.959602952003479 
0.7525773048400879 0.9125000238418579 0.640350878238678 0.9325946569442749 
0.8597285151481628 0.8878504633903503 0.8333333134651184 0.9259002804756165 
0.9004328846931458 0.8888888955116272 0.9122806787490845 0.9243228435516357 
0.8839285969734192 0.8999999761581421 0.8684210777282715 0.9287088513374329 
0.9098712205886841 0.8907563090324402 0.9298245906829834 0.9275162220001221 
0.875 0.8909090757369995 0.859649121761322 0.9407509565353394 
0.8898678421974182 0.8938053250312805 0.8859649300575256 0.9225145578384399 
0.8898678421974182 0.8938053250312805 0.8859649300575256 0.9353647828102112 
0.9130434989929199 0.9051724076271057 0.9210526347160339 0.9360572099685669 
0.8898678421974182 0.8938053250312805 0.8859649300575256 0.9145891070365906 
0.8839285969734192 0.8999999761581421 0.8684210777282715 0.9281316995620728 
0.9321267008781433 0.9626168012619019 0.9035087823867798 0.9507540464401245 
0.907489001750946 0.9115044474601746 0.9035087823867798 0.9358264803886414 
0.8839285969734192 0.8999999761581421 0.8684210777282715 0.91374272108078 
0.8584905862808228 0.9285714030265808 0.7982456088066101 0.9120498299598694 
0.9082568883895874 0.9519230723381042 0.8684210777282715 0.9406740665435791 
0.8785046935081482 0.9399999976158142 0.8245614171028137 0.9330563545227051 
0.807881772518158 0.9213483333587646 0.719298243522644 0.9169744253158569 
0.849056601524353 0.918367326259613 0.7894737124443054 0.9238227605819702 
0.8888888955116272 0.9411764740943909 0.8421052694320679 0.9268236756324768 
0.8847926259040833 0.9320388436317444 0.8421052694320679 0.9213603734970093 
0.800000011920929 0.930232584476471 0.7017543911933899 0.9282855987548828 
0.895652174949646 0.8879310488700867 0.9035087823867798 0.9296706318855286 
0.8867924809455872 0.9591836929321289 0.8245614171028137 0.9503693580627441 
0.8909090757369995 0.9245283007621765 0.859649121761322 0.9542551636695862 
0.8785046935081482 0.9399999976158142 0.8245614171028137 0.9305939674377441 
0.8807339668273926 0.9230769276618958 0.8421052694320679 0.9309787154197693 
0.8679245114326477 0.9387755393981934 0.8070175647735596 0.940520167350769 
0.9189189076423645 0.9444444179534912 0.8947368264198303 0.9544475674629211 
0.9116278886795044 0.9702970385551453 0.859649121761322 0.9577562212944031 
0.918181836605072 0.9528301954269409 0.8859649300575256 0.9508309960365295 
0.8917748928070068 0.8803418874740601 0.9035087823867798 0.9388272762298584 
0.9099099040031433 0.9351851940155029 0.8859649300575256 0.9545243978500366 
0.9196428656578064 0.9363636374473572 0.9035087823867798 0.948445737361908 
0.8612440228462219 0.9473684430122375 0.7894737124443054 0.9213604927062988 
0.8436018824577332 0.9175257682800293 0.780701756477356 0.9100492596626282 
0.8909090757369995 0.9245283007621765 0.859649121761322 0.9259003400802612 
0.8436018824577332 0.9175257682800293 0.780701756477356 0.9166666269302368 
0.8699551820755005 0.8899082541465759 0.8508771657943726 0.9213604927062988 
0.717391312122345 0.9428571462631226 0.5789473652839661 0.9285934567451477 
0.761904776096344 0.9599999785423279 0.6315789222717285 0.9293628334999084 
0.7437185645103455 0.8705882430076599 0.6491228342056274 0.89423668384552 
0.897777795791626 0.9099099040031433 0.8859649300575256 0.9062788486480713 
0.8999999761581421 0.9339622855186462 0.8684210777282715 0.9394429326057434 
0.9140271544456482 0.9439252614974976 0.8859649300575256 0.9406740665435791 
0.9041095972061157 0.9428571462631226 0.8684210777282715 0.9282087087631226 
0.8611111044883728 0.9117646813392639 0.8157894611358643 0.8959680795669556 
0.8502415418624878 0.9462365508079529 0.7719298005104065 0.9256694316864014 
0.7668393850326538 0.9367088675498962 0.6491228342056274 0.9130501747131348 
0.8115941882133484 0.9032257795333862 0.7368420958518982 0.9068944454193115 
0.8691588640213013 0.9300000071525574 0.8157894611358643 0.9398276805877686 
0.907489001750946 0.9115044474601746 0.9035087823867798 0.9299015402793884 
0.8341231942176819 0.907216489315033 0.7719298005104065 0.9300554394721985 
0.8648648858070374 0.8888888955116272 0.8421052694320679 0.9076640009880066 
0.8598130941390991 0.9200000166893005 0.8070175647735596 0.9176669120788574 
0.8755760192871094 0.9223300814628601 0.8333333134651184 0.9164358377456665 
0.8744186162948608 0.9306930899620056 0.8245614171028137 0.9229763746261597 
0.7860696315765381 0.9080459475517273 0.6929824352264404 0.9013543128967285 
0.7918781638145447 0.9397590160369873 0.6842105388641357 0.9279778599739075 
0.8317757248878479 0.8899999856948853 0.780701756477356 0.9186673164367676 
0.8612440228462219 0.9473684430122375 0.7894737124443054 0.9497538208961487 
0.8365384340286255 0.9255319237709045 0.7631579041481018 0.9450600147247314 
0.8612440228462219 0.9473684430122375 0.7894737124443054 0.9425976872444153 
0.8666666746139526 0.9479166865348816 0.7982456088066101 0.9429055452346802 
0.8888888955116272 0.9411764740943909 0.8421052694320679 0.9446752667427063 
0.886956512928009 0.8793103694915771 0.8947368264198303 0.9203600883483887 
0.9099099040031433 0.9351851940155029 0.8859649300575256 0.9488303661346436 
0.7960199117660522 0.9195402264595032 0.7017543911933899 0.9425207376480103 
0.8285714387893677 0.90625 0.7631579041481018 0.9221298694610596 
0.897777795791626 0.9099099040031433 0.8859649300575256 0.9485611319541931 
0.8699551820755005 0.8899082541465759 0.8508771657943726 0.9292089939117432 
0.8597285151481628 0.8878504633903503 0.8333333134651184 0.9195907115936279 
0.8186046481132507 0.8712871074676514 0.7719298005104065 0.902046799659729 
0.8878923654556274 0.9082568883895874 0.8684210777282715 0.9441367387771606 
0.8672566413879395 0.875 0.859649121761322 0.9202062487602234 
0.8421052694320679 0.9263157844543457 0.7719298005104065 0.9373652935028076 
0.7052631378173828 0.8815789222717285 0.5877193212509155 0.9141273498535156 
0.8623853325843811 0.9038461446762085 0.8245614171028137 0.9292858839035034 
0.9230769276618958 0.9532710313796997 0.8947368264198303 0.9599876999855042 
0.801980197429657 0.9204545617103577 0.7105262875556946 0.936365008354187 
0.9140271544456482 0.9439252614974976 0.8859649300575256 0.9549092650413513 
0.8965517282485962 0.8813559412956238 0.9122806787490845 0.9246691465377808 
0.9380530714988708 0.9464285969734192 0.9298245906829834 0.9609880447387695 
0.8995633125305176 0.895652174949646 0.9035087823867798 0.9292089939117432 
0.9099099040031433 0.9351851940155029 0.8859649300575256 0.9583718180656433 
0.7804877758026123 0.8791208863258362 0.7017543911933899 0.9239766597747803 
0.8867924809455872 0.9591836929321289 0.8245614171028137 0.9529086351394653 
0.8959276080131531 0.9252336621284485 0.8684210777282715 0.9439058303833008 
0.8675799369812012 0.9047619104385376 0.8333333134651184 0.92320716381073 
0.9115044474601746 0.9196428656578064 0.9035087823867798 0.9376730918884277 
0.8815165758132935 0.9587628841400146 0.8157894611358643 0.9556787610054016 
0.8279069662094116 0.8811880946159363 0.780701756477356 0.9337489008903503 
0.8405796885490417 0.9354838728904724 0.7631579041481018 0.9307863712310791 
0.7708333134651184 0.9487179517745972 0.6491228342056274 0.919282853603363 
0.8502415418624878 0.9462365508079529 0.7719298005104065 0.9239766597747803 
0.7604166865348816 0.9358974099159241 0.640350878238678 0.9331332445144653 
0.8682926893234253 0.9780219793319702 0.780701756477356 0.9511388540267944 
0.761904776096344 0.9599999785423279 0.6315789222717285 0.9473298788070679 
0.8479262590408325 0.893203854560852 0.8070175647735596 0.9163588881492615 
0.8968609571456909 0.9174311757087708 0.8771929740905762 0.9524468779563904 
0.8899082541465759 0.932692289352417 0.8508771657943726 0.9482917785644531 
0.8732394576072693 0.939393937587738 0.8157894611358643 0.9422898888587952 
0.7748690843582153 0.9610389471054077 0.6491228342056274 0.9392890930175781 
0.8365384340286255 0.9255319237709045 0.7631579041481018 0.9339411854743958 
0.8755760192871094 0.9223300814628601 0.8333333134651184 0.9217836260795593 
0.8039215803146362 0.9111111164093018 0.719298243522644 0.9200522899627686 
0.8703703880310059 0.9215686321258545 0.8245614171028137 0.9242073893547058 
0.8818181753158569 0.9150943160057068 0.8508771657943726 0.92363041639328 
0.8755760192871094 0.9223300814628601 0.8333333134651184 0.9211296439170837 
0.8828828930854797 0.9074074029922485 0.859649121761322 0.901508092880249 
0.9147982001304626 0.9357798099517822 0.8947368264198303 0.9356725215911865 
0.8584474921226501 0.8952381014823914 0.8245614171028137 0.9119344353675842 
0.8909090757369995 0.9245283007621765 0.859649121761322 0.9299015402793884 
0.8374384045600891 0.9550561904907227 0.7456140518188477 0.9288243055343628 
0.8544601202011108 0.9191918969154358 0.7982456088066101 0.919898509979248 
0.9026548862457275 0.9107142686843872 0.8947368264198303 0.9371345043182373 
0.8898678421974182 0.8938053250312805 0.8859649300575256 0.9272083044052124 
0.9047619104385376 0.9895833134651184 0.8333333134651184 0.9667590856552124 
0.8638497591018677 0.9292929172515869 0.8070175647735596 0.9421360492706299 
0.9090909361839294 0.9433962106704712 0.8771929740905762 0.9478301405906677 
0.8909090757369995 0.9245283007621765 0.859649121761322 0.9484456777572632 
0.8598130941390991 0.9200000166893005 0.8070175647735596 0.9407509565353394 
0.7638190984725952 0.8941176533699036 0.6666666865348816 0.9132809638977051 
0.8333333134651184 0.9444444179534912 0.7456140518188477 0.9298630356788635 
0.8623853325843811 0.9038461446762085 0.8245614171028137 0.9165127277374268 
0.8703703880310059 0.9215686321258545 0.8245614171028137 0.9361342787742615 
0.8133971095085144 0.8947368264198303 0.7456140518188477 0.926939070224762 
0.9058296084403992 0.9266055226325989 0.8859649300575256 0.9447522163391113 
0.9090909361839294 0.9433962106704712 0.8771929740905762 0.9460218548774719 
0.8341231942176819 0.907216489315033 0.7719298005104065 0.9329794645309448 
0.800000011920929 0.930232584476471 0.7017543911933899 0.9351339340209961 
0.8038277626037598 0.8842105269432068 0.7368420958518982 0.9177824258804321 
0.8796296119689941 0.9313725233078003 0.8333333134651184 0.9323638677597046 
0.9049773812294006 0.9345794320106506 0.8771929740905762 0.9490612149238586 
0.8859649300575256 0.8859649300575256 0.8859649300575256 0.939596951007843 
0.849056601524353 0.918367326259613 0.7894737124443054 0.9372114539146423 
0.7589743733406067 0.9135802388191223 0.6491228342056274 0.9135118722915649 
0.9166666865348816 0.970588207244873 0.8684210777282715 0.9480610489845276 
0.6315789222717285 0.9473684430122375 0.4736842215061188 0.9362881183624268 
0.75789475440979 0.9473684430122375 0.6315789222717285 0.9274392127990723 
0.7340425252914429 0.9324324131011963 0.6052631735801697 0.8896583318710327 
0.8039215803146362 0.9111111164093018 0.719298243522644 0.9195137023925781 
0.8421052694320679 0.9263157844543457 0.7719298005104065 0.9147045016288757 
0.7551020383834839 0.9024389982223511 0.6491228342056274 0.8988919258117676 
0.8020304441452026 0.9518072009086609 0.6929824352264404 0.9378269910812378 
0.8638497591018677 0.9292929172515869 0.8070175647735596 0.9310557842254639 
0.8516746163368225 0.9368420839309692 0.780701756477356 0.94244384765625 
0.8940092325210571 0.9417475461959839 0.8508771657943726 0.9435211420059204 
0.8396226167678833 0.9081632494926453 0.780701756477356 0.928824245929718 
0.8909090757369995 0.9245283007621765 0.859649121761322 0.9257463812828064 
0.8888888955116272 0.9411764740943909 0.8421052694320679 0.9281701445579529 
0.8888888955116272 0.9411764740943909 0.8421052694320679 0.9394428730010986 
0.8899082541465759 0.932692289352417 0.8508771657943726 0.9442520141601562 
0.7817258834838867 0.9277108311653137 0.6754385828971863 0.9241305589675903 
