0.4396091103553772 0.8181377053260803 0.30055227875709534 0.8296930193901062 
0.5880675315856934 0.7649073004722595 0.47764119505882263 0.8307247757911682 
0.4391389489173889 0.8201754093170166 0.29983964562416077 0.8344480991363525 
0.44533678889274597 0.8158519268035889 0.3062533438205719 0.8425829410552979 
0.8317017555236816 0.7420346736907959 0.9460181593894958 0.8334676027297974 
0.5519441962242126 0.819873571395874 0.41599857807159424 0.8539367914199829 
0.8072876334190369 0.7764067053794861 0.840726912021637 0.8415420055389404 
0.4495365619659424 0.810208797454834 0.31106358766555786 0.8381654024124146 
0.8518664836883545 0.7646642327308655 0.9615179300308228 0.8369631767272949 
0.8040686249732971 0.7788910865783691 0.8309282064437866 0.8369066119194031 
0.46320900321006775 0.8185101747512817 0.3230001926422119 0.8428074717521667 
0.45171257853507996 0.8146771788597107 0.312488853931427 0.8294594883918762 
0.4388207793235779 0.8192888498306274 0.2996614873409271 0.8227142095565796 
0.44715026021003723 0.8191741704940796 0.3075004518032074 0.8243364095687866 
0.6985655426979065 0.7599497437477112 0.6463566422462463 0.8274964690208435 
0.6985507011413574 0.7631412148475647 0.6440406441688538 0.8320245742797852 
0.47771257162094116 0.7984140515327454 0.3408159613609314 0.8080563545227051 
0.4492006301879883 0.8128791451454163 0.3103509843349457 0.7471925020217896 
0.5070934891700745 0.7938496470451355 0.3725280463695526 0.8153334259986877 
0.5632132291793823 0.7569924592971802 0.44842329621315 0.8247596621513367 
0.5535714030265808 0.740962028503418 0.44183146953582764 0.8181977868080139 
0.603201687335968 0.7521958947181702 0.5034740567207336 0.8368532657623291 
0.7742043733596802 0.7322109341621399 0.8213076591491699 0.8204787969589233 
0.7607296109199524 0.7635971903800964 0.7578834891319275 0.8537046313285828 
0.6087844967842102 0.8386491537094116 0.4778193533420563 0.8600071668624878 
0.5872219800949097 0.7566732168197632 0.47977909445762634 0.8466936349868774 
0.4873718321323395 0.8171907663345337 0.34722965955734253 0.8415477275848389 
0.6420084834098816 0.7641416788101196 0.5535364151000977 0.8371037840843201 
0.7687092423439026 0.7331070303916931 0.8079458475112915 0.8240270018577576 
0.8308654427528381 0.7718172073364258 0.8996971249580383 0.8538167476654053 
0.769549548625946 0.7783852815628052 0.7609121799468994 0.8507980108261108 
0.6635136604309082 0.7422839403152466 0.5998574495315552 0.8334522247314453 
0.6298479437828064 0.7507396340370178 0.5424906611442566 0.8360779881477356 
0.7410827279090881 0.7533590793609619 0.7292000651359558 0.8356680870056152 
0.6846598982810974 0.7622377872467041 0.6214146018028259 0.8313990831375122 
0.7443904876708984 0.7659253478050232 0.7240334749221802 0.8407531976699829 
0.7344322204589844 0.7556058168411255 0.7144129872322083 0.8334834575653076 
0.7515035271644592 0.735665500164032 0.7680385112762451 0.8245782852172852 
0.720993161201477 0.7572548985481262 0.6880456209182739 0.8267989158630371 
0.7635921239852905 0.7449584603309631 0.78318190574646 0.8375383019447327 
0.7229679226875305 0.758162260055542 0.6908961534500122 0.8352120518684387 
0.44746729731559753 0.8200379610061646 0.30767861008644104 0.7806947231292725 
0.5499645471572876 0.8159831762313843 0.41475147008895874 0.8298043608665466 
0.643557071685791 0.7875193357467651 0.5440940856933594 0.8402077555656433 
0.5540366768836975 0.8048201203346252 0.422412246465683 0.8312504887580872 
0.7023077011108398 0.7628995180130005 0.6506324410438538 0.8406556844711304 
0.78599613904953 0.7432518005371094 0.8339568972587585 0.8446887135505676 
0.7615565657615662 0.7446373701095581 0.7792624235153198 0.8336496949195862 
0.6358174085617065 0.7785235047340393 0.537324070930481 0.8377224802970886 
0.6555761098861694 0.7738181948661804 0.5686798691749573 0.8384332656860352 
0.6204677224159241 0.7797250151634216 0.515232503414154 0.8158364295959473 
0.7195836305618286 0.7522347569465637 0.6896490454673767 0.8318363428115845 
0.7634556293487549 0.735590398311615 0.7935150265693665 0.8249476552009583 
0.6028119325637817 0.7860211730003357 0.4888651371002197 0.8210026621818542 
0.47452548146247864 0.7933194041252136 0.33849990367889404 0.7619189023971558 
0.6952245831489563 0.7408303022384644 0.6549082398414612 0.7864696979522705 
0.7343932390213013 0.7405797243118286 0.7283092737197876 0.7774199843406677 
0.7199179530143738 0.7548866271972656 0.6880456209182739 0.7603781223297119 
0.5009281039237976 0.8200972676277161 0.36059147119522095 0.767727255821228 
0.7473198175430298 0.7315699458122253 0.7637627124786377 0.7560892105102539 
0.7219817638397217 0.7472360134124756 0.6983787417411804 0.7838118076324463 
0.7443161606788635 0.753975510597229 0.7349011301994324 0.7987060546875 
0.771936297416687 0.7987805008888245 0.7468376755714417 0.8547716736793518 
0.6428879499435425 0.8134714961051941 0.5314448475837708 0.8527224659919739 
0.7243344187736511 0.7613903880119324 0.6907179951667786 0.8431218862533569 
0.6275444030761719 0.7998895645141602 0.5163014531135559 0.8471770882606506 
0.6953078508377075 0.782356858253479 0.6256903409957886 0.8495062589645386 
0.7386342883110046 0.7639443874359131 0.7149474620819092 0.8497352600097656 
0.6912332773208618 0.778447151184082 0.6215927600860596 0.8525323271751404 
0.6302628517150879 0.7874499559402466 0.5253874659538269 0.8471929430961609 
0.5288676023483276 0.6558544039726257 0.44307857751846313 0.7374884486198425 
0.778253436088562 0.7491346597671509 0.8097274303436279 0.8409094214439392 
0.7249395847320557 0.7582182288169861 0.6944593191146851 0.8380805850028992 
0.7464444041252136 0.7593070268630981 0.7340103387832642 0.8460766077041626 
0.7535814046859741 0.7623040676116943 0.7450560927391052 0.845446765422821 
0.6834050416946411 0.779197096824646 0.6085872054100037 0.8480626344680786 
0.7351261973381042 0.7609151601791382 0.711027979850769 0.8446772694587708 
0.735107958316803 0.7696355581283569 0.703545331954956 0.8501918315887451 
0.7172638773918152 0.7783569693565369 0.6650632619857788 0.8480560183525085 
0.7223257422447205 0.7571791410446167 0.6905398368835449 0.8359258770942688 
0.6790772676467896 0.7857644557952881 0.5978977084159851 0.7763997912406921 
0.7193600535392761 0.7727086544036865 0.6729021668434143 0.8051527142524719 
0.6174496412277222 0.8072497248649597 0.4999109208583832 0.7989538311958313 
0.726966917514801 0.7643938064575195 0.6930340528488159 0.8172534704208374 
0.7744412422180176 0.7430021166801453 0.8086584806442261 0.8422425985336304 
0.663981020450592 0.7900688052177429 0.5725993514060974 0.8466599583625793 
0.7622634768486023 0.7336848974227905 0.7931587100028992 0.8288009166717529 
0.6498841643333435 0.7948982119560242 0.5496169328689575 0.8086485862731934 
0.7450453042984009 0.7500903010368347 0.740067720413208 0.7935479879379272 
0.828189492225647 0.7714065909385681 0.8939960598945618 0.860385000705719 
0.7708470225334167 0.8139857649803162 0.7320505976676941 0.8647109270095825 
0.8319947123527527 0.7772276997566223 0.8950650095939636 0.8503571152687073 
0.8082848191261292 0.7777960896492004 0.8412613868713379 0.8545575141906738 
0.7094706296920776 0.7800085544586182 0.6506324410438538 0.8536515235900879 
0.7675366401672363 0.7476351261138916 0.7885266542434692 0.8453148007392883 
0.7387403845787048 0.7517521381378174 0.7261713743209839 0.849515438079834 
0.7473167181015015 0.7634268999099731 0.7318724393844604 0.8553795218467712 
0.7124662399291992 0.7770995497703552 0.6577587723731995 0.854458212852478 
0.7237331867218018 0.7792848348617554 0.675574541091919 0.8559854030609131 
0.7280927896499634 0.7531898617744446 0.7046142816543579 0.8354800939559937 
0.6853201985359192 0.7665858268737793 0.6196330189704895 0.8277691602706909 
0.6278026700019836 0.7833732962608337 0.5237841010093689 0.8299369812011719 
0.7079193592071533 0.7548426389694214 0.666488528251648 0.8370522856712341 
0.6449984312057495 0.787365198135376 0.5462319850921631 0.8343072533607483 
0.7532536387443542 0.748680055141449 0.7578834891319275 0.8376510739326477 
0.7043052911758423 0.781202495098114 0.6411901116371155 0.8509377241134644 
0.6981632709503174 0.7780210375785828 0.6331729888916016 0.8497546315193176 
0.8413662314414978 0.7549546957015991 0.9501157999038696 0.8344947099685669 
0.7060075402259827 0.7724385857582092 0.6500979661941528 0.8478489518165588 
0.7395206689834595 0.7693492770195007 0.7119187712669373 0.8497119545936584 
0.6955336928367615 0.7662950158119202 0.6367361545562744 0.8460605144500732 
0.7401315569877625 0.7597073912620544 0.7215392589569092 0.8487594723701477 
0.6344812512397766 0.7974649667739868 0.526812732219696 0.8526361584663391 
0.759157657623291 0.7540868520736694 0.7642971873283386 0.854840874671936 
0.7201693654060364 0.7830089926719666 0.6666666865348816 0.8514584302902222 
0.7255961298942566 0.7602967023849487 0.6939248442649841 0.8450173139572144 
0.7591851353645325 0.758173406124115 0.7601995468139648 0.845799446105957 
0.7310705184936523 0.7669731974601746 0.6983787417411804 0.8487578630447388 
0.7086389064788818 0.7613589763641357 0.6627472043037415 0.8484203815460205 
0.7229188084602356 0.7677212357521057 0.6830571889877319 0.8397293090820312 
0.7565643191337585 0.7559587359428406 0.7571708559989929 0.8392118215560913 
0.6966052651405334 0.7645305395126343 0.6397648453712463 0.8226120471954346 
0.7485465407371521 0.7636700868606567 0.7340103387832642 0.835014820098877 
0.7800461649894714 0.7772864103317261 0.7828255891799927 0.8645079135894775 
0.8184546828269958 0.7890211343765259 0.8501692414283752 0.8628155589103699 
0.8186196088790894 0.7784383296966553 0.8631747961044312 0.8539840579032898 
0.7062863707542419 0.7601642608642578 0.6595403552055359 0.8410744667053223 
0.7426371574401855 0.746311604976654 0.7389987707138062 0.847339391708374 
0.7355099320411682 0.7578907608985901 0.7144129872322083 0.853837788105011 
0.6759560704231262 0.7876273989677429 0.5920185446739197 0.8402453064918518 
0.7105837464332581 0.7604632377624512 0.6668448448181152 0.8442137837409973 
0.6617874503135681 0.7852250337600708 0.5718867182731628 0.8360388278961182 
0.6153002977371216 0.7994873523712158 0.5000890493392944 0.8418604731559753 
0.7011582851409912 0.7651147842407227 0.6470692753791809 0.8265374302864075 
0.7017335295677185 0.7902721762657166 0.6310350894927979 0.8347072005271912 
0.7368229031562805 0.7547169923782349 0.7197576761245728 0.8417909741401672 
0.7296949625015259 0.7533674836158752 0.7074648141860962 0.8425904512405396 
0.6545109748840332 0.8012903332710266 0.5531800985336304 0.8464970588684082 
0.7470475435256958 0.7683615684509277 0.7268840074539185 0.8546326756477356 
0.7251929640769958 0.758560299873352 0.6946374773979187 0.8456905484199524 
0.746300995349884 0.7559860944747925 0.7368608713150024 0.8492054343223572 
0.7119365334510803 0.7788359522819519 0.6556208729743958 0.8574395775794983 
0.7154409885406494 0.7676602602005005 0.6698735356330872 0.8471378087997437 
0.6758018732070923 0.7853267192840576 0.5930874943733215 0.8243381977081299 
0.6792868375778198 0.7757949829101562 0.6041332483291626 0.8374049067497253 
0.6115970015525818 0.7763158082962036 0.5045430064201355 0.829718828201294 
0.7956556081771851 0.7825637459754944 0.809192955493927 0.8587219715118408 
0.8018990159034729 0.7777963876724243 0.8275431990623474 0.8594213724136353 
0.8031293153762817 0.7760425209999084 0.8321753144264221 0.8605766892433167 
0.8002503514289856 0.8032669425010681 0.797256350517273 0.8635398745536804 
0.7908140420913696 0.7932950854301453 0.7883484959602356 0.8593792915344238 
0.818272590637207 0.7676814794540405 0.8760021328926086 0.8505575060844421 
0.7590539455413818 0.7883324027061462 0.7318724393844604 0.8603333234786987 
0.8213894963264465 0.7788246273994446 0.8688758015632629 0.854472279548645 
0.7995767593383789 0.7915502786636353 0.8077676892280579 0.8674759864807129 
0.8312681913375854 0.77947598695755 0.8904328942298889 0.874405562877655 
0.8175487518310547 0.7993191480636597 0.8366292715072632 0.8707630634307861 
0.7826569080352783 0.8134127855300903 0.754142165184021 0.869728147983551 
0.8091012835502625 0.7980936169624329 0.8204168677330017 0.8760630488395691 
0.7408795356750488 0.8295429348945618 0.6693390607833862 0.856238603591919 
0.8074436187744141 0.7922167181968689 0.82326740026474 0.8683986663818359 
0.8059675693511963 0.7853279113769531 0.827721357345581 0.8520325422286987 
0.814353883266449 0.7806831002235413 0.8510600328445435 0.8588557839393616 
0.6823179721832275 0.7684069871902466 0.6135756373405457 0.8429571390151978 
0.7082970142364502 0.7756573557853699 0.6517013907432556 0.8450911045074463 
0.7226256728172302 0.767735481262207 0.682522714138031 0.8426873683929443 
0.70462566614151 0.7830538153648376 0.6404774785041809 0.8452193737030029 
0.8239413499832153 0.7588120698928833 0.9013005495071411 0.8395882844924927 
0.7092854976654053 0.7730138897895813 0.6552645564079285 0.8414296507835388 
0.7385967969894409 0.7600377202033997 0.7183324694633484 0.8438270092010498 
0.6920107007026672 0.778743326663971 0.6226616501808167 0.8410658836364746 
0.6907894611358643 0.7841140627861023 0.6173169612884521 0.8485579490661621 
0.8299141526222229 0.7666867971420288 0.9045073986053467 0.8496854305267334 
0.7419527173042297 0.7406355142593384 0.7432745695114136 0.830839991569519 
0.657669723033905 0.7796775698661804 0.5686798691749573 0.837751030921936 
0.7037656307220459 0.7852128148078918 0.6376269459724426 0.8431789875030518 
0.6849287748336792 0.7840569615364075 0.6080527305603027 0.8382924795150757 
0.716677725315094 0.7640177607536316 0.6748619079589844 0.8288957476615906 
0.8181818127632141 0.7902074456214905 0.8482095003128052 0.8683605194091797 
0.836649477481842 0.7740908861160278 0.9102084636688232 0.8732262849807739 
0.8114393949508667 0.7855236530303955 0.8391234874725342 0.8694272637367249 
0.8121623992919922 0.7947143912315369 0.8303937315940857 0.8710267543792725 
0.7904266715049744 0.7954176664352417 0.7854979634284973 0.8610508441925049 
0.7975966334342957 0.8029974699020386 0.7922679781913757 0.8680077195167542 
0.7628582119941711 0.7872985601425171 0.7398895621299744 0.8594086766242981 
0.7688354849815369 0.7927706241607666 0.7463032007217407 0.8629851937294006 
0.7530736923217773 0.7957159876823425 0.7147693037986755 0.8628607988357544 
0.7552447319030762 0.7922534942626953 0.7215392589569092 0.8560851216316223 
0.814732551574707 0.7828871607780457 0.849278450012207 0.8585443496704102 
0.781605064868927 0.7850467562675476 0.778193473815918 0.8611676692962646 
0.7574118971824646 0.7944455146789551 0.7236771583557129 0.8592114448547363 
0.8139052391052246 0.7907914519309998 0.8384108543395996 0.8539897799491882 
0.8150820136070251 0.7868988513946533 0.8453589677810669 0.852760910987854 
0.8034687042236328 0.7981715798377991 0.8088366389274597 0.8630217909812927 
0.7618520855903625 0.789825975894928 0.7357919216156006 0.8623266816139221 
0.8134679198265076 0.7949328422546387 0.8328879475593567 0.8656471967697144 
0.8215656876564026 0.7728057503700256 0.8768929243087769 0.8580979704856873 
0.7884405851364136 0.8046744465827942 0.7728487253189087 0.8536608815193176 
0.801984429359436 0.7713063359260559 0.835204005241394 0.8558582067489624 
0.8088448643684387 0.7765573859214783 0.8439337015151978 0.8583775758743286 
0.7951893210411072 0.7952601313591003 0.7951184511184692 0.8609887957572937 
0.7794711589813232 0.8041295409202576 0.7562800645828247 0.8614501357078552 
0.7861921191215515 0.7872454524040222 0.78514164686203 0.8572399616241455 
0.7460501194000244 0.8122509121894836 0.6898272037506104 0.8558732271194458 
0.8259224891662598 0.7818268537521362 0.8752894997596741 0.867177426815033 
0.7719458937644958 0.7929738759994507 0.7520042657852173 0.8662916421890259 
0.8168822526931763 0.7818862795829773 0.8551576733589172 0.8644744753837585 
0.7924018502235413 0.8009099364280701 0.7840726971626282 0.8692209124565125 
0.7855653166770935 0.7998523116111755 0.7717797756195068 0.8655758500099182 
0.811336874961853 0.7788887023925781 0.8466060757637024 0.8621169328689575 
0.8143598437309265 0.7914915084838867 0.8385890126228333 0.8665667176246643 
0.6697163581848145 0.7798295617103577 0.586851954460144 0.8488137125968933 
0.690193772315979 0.7752609252929688 0.6219490766525269 0.8447506427764893 
0.8056132793426514 0.7840161919593811 0.8284339904785156 0.856808602809906 
0.7019709348678589 0.7953981757164001 0.6281845569610596 0.8567283153533936 
0.7946277856826782 0.7934280633926392 0.7958310842514038 0.8595958352088928 
0.8081788420677185 0.7866419553756714 0.8309282064437866 0.8559858202934265 
0.8090317249298096 0.7892239689826965 0.8298592567443848 0.858060359954834 
0.8037139773368835 0.7834545969963074 0.8250489830970764 0.8503612279891968 
0.8217002153396606 0.7740157246589661 0.8756458163261414 0.8672022819519043 
0.797027051448822 0.7917032837867737 0.8024229407310486 0.8508872985839844 
0.7110074162483215 0.7827017903327942 0.6513450741767883 0.8581781387329102 
0.8182916045188904 0.7933745980262756 0.844824492931366 0.8583949208259583 
0.8265166878700256 0.7920953631401062 0.8640655875205994 0.8754412531852722 
0.7800309062004089 0.7966195940971375 0.764119029045105 0.8663457632064819 
0.8150732517242432 0.7984960079193115 0.8323534727096558 0.8715605735778809 
0.8032600283622742 0.7904449701309204 0.8164974451065063 0.8573713302612305 
0.8095028400421143 0.7997218370437622 0.8195260763168335 0.8640080690383911 
0.7904943823814392 0.8083798885345459 0.7733832001686096 0.862438440322876 
0.6783252954483032 0.8025803565979004 0.587386429309845 0.8682777285575867 
0.8350720405578613 0.7800464034080505 0.8984500169754028 0.8681275248527527 
0.7778701186180115 0.8076332807540894 0.7502226829528809 0.8668596744537354 
0.8373647332191467 0.7565780282020569 0.9374666213989258 0.8709819316864014 
0.6956694722175598 0.7883573770523071 0.622483491897583 0.8573492765426636 
0.814623236656189 0.7893065810203552 0.8416176438331604 0.8683294057846069 
0.8060829639434814 0.7955925464630127 0.8168537616729736 0.8661534190177917 
0.6980261206626892 0.777680516242981 0.6331729888916016 0.8329741358757019 
0.7089686393737793 0.7567731738090515 0.6668448448181152 0.8401132225990295 
0.7423357367515564 0.7608004212379456 0.7247461080551147 0.8505364060401917 
0.571295440196991 0.8253113627433777 0.43684303760528564 0.8515106439590454 
0.7114080786705017 0.779333770275116 0.6543737649917603 0.8482214212417603 
0.6998140215873718 0.7764986753463745 0.6369143128395081 0.8415877819061279 
0.8395001292228699 0.7751131057739258 0.9155531525611877 0.8692967295646667 
0.8145891427993774 0.7757897973060608 0.8574737310409546 0.8544952273368835 
0.7903575301170349 0.8012081384658813 0.7797968983650208 0.8610821962356567 
0.7195746898651123 0.770168662071228 0.6752182245254517 0.8510664701461792 
0.6983256340026855 0.7752174139022827 0.6353108882904053 0.8509431481361389 
0.7369308471679688 0.7771191596984863 0.7006947994232178 0.8592241406440735 
0.7029880285263062 0.7971538305282593 0.6287190318107605 0.8597856163978577 
0.703098714351654 0.791221022605896 0.6326385140419006 0.8566730618476868 
0.7046653032302856 0.7977477312088013 0.6310350894927979 0.8538442850112915 
0.7061023712158203 0.7888717651367188 0.6390522122383118 0.8559778928756714 
0.7139878869056702 0.7627050280570984 0.6711205840110779 0.8541719913482666 
0.7899296283721924 0.8003291487693787 0.7797968983650208 0.8550658226013184 
0.6762560606002808 0.7837520837783813 0.5946909189224243 0.8421909809112549 
0.7206361293792725 0.7794818878173828 0.6700516939163208 0.8472108840942383 
0.734839916229248 0.7793089747428894 0.6951718926429749 0.8474878072738647 
0.726620078086853 0.7976570725440979 0.6672011613845825 0.8569048047065735 
0.7195373177528381 0.7999128103256226 0.6538392901420593 0.8642997145652771 
0.7203282117843628 0.7973616123199463 0.6568679809570312 0.8543654084205627 
0.7286238074302673 0.7949041724205017 0.672545850276947 0.8507992625236511 
0.736861526966095 0.7636154890060425 0.7119187712669373 0.847327709197998 
0.7351778745651245 0.7791741490364075 0.6958845257759094 0.8432257175445557 
0.7402609586715698 0.7953336238861084 0.6923214197158813 0.8592540621757507 
0.7538319230079651 0.782442033290863 0.7272403240203857 0.8515727519989014 
0.711208164691925 0.8031390309333801 0.6381614208221436 0.8576962947845459 
0.7131662964820862 0.7802709341049194 0.6566898226737976 0.8473377227783203 
0.725584089756012 0.7843096852302551 0.675040066242218 0.8591221570968628 
0.7859349250793457 0.8019655346870422 0.7705326676368713 0.8731712102890015 
0.8171764016151428 0.793323278427124 0.8425084352493286 0.8739882111549377 
0.8151867389678955 0.8062379956245422 0.8243363499641418 0.878761887550354 
0.8227035403251648 0.7918589115142822 0.8560484647750854 0.8729227185249329 
0.8056555986404419 0.7944232821464539 0.8172100186347961 0.8722508549690247 
0.8199273347854614 0.7967725396156311 0.8444681763648987 0.8820490837097168 
0.7885285019874573 0.8117336630821228 0.766613245010376 0.8689461946487427 
0.8057310581207275 0.8049430847167969 0.8065205812454224 0.8759030103683472 
0.7881998419761658 0.8086581826210022 0.7687510848045349 0.8760082721710205 
0.7862434983253479 0.807894766330719 0.7657224535942078 0.8728141784667969 
0.8038488626480103 0.796675443649292 0.8111526966094971 0.8726798295974731 
0.8163822293281555 0.7833633422851562 0.852307140827179 0.8682531118392944 
0.8011974096298218 0.7919930219650269 0.8106182217597961 0.8733214735984802 
0.822482168674469 0.784570574760437 0.864243745803833 0.8718947768211365 
0.8096192479133606 0.7922919392585754 0.827721357345581 0.8733768463134766 
0.820868968963623 0.7823700308799744 0.8633529543876648 0.8609778881072998 
0.8070266842842102 0.788311243057251 0.8266524076461792 0.8562549352645874 
0.7324392795562744 0.7732673287391663 0.6957063674926758 0.819084644317627 
0.7035907506942749 0.7855887413024902 0.6370924711227417 0.8210934996604919 
0.7161773443222046 0.7760449051856995 0.6648851037025452 0.8337194919586182 
0.7184261083602905 0.7786561250686646 0.6668448448181152 0.838148832321167 
0.7116422653198242 0.775141716003418 0.6577587723731995 0.8528958559036255 
0.69846510887146 0.7679982781410217 0.6404774785041809 0.8401000499725342 
0.6893954277038574 0.7768595218658447 0.6196330189704895 0.8504034280776978 
0.6938419938087463 0.7599151730537415 0.6383395791053772 0.8422285914421082 
0.706635594367981 0.7757188677787781 0.6488508582115173 0.851630687713623 
0.7391062378883362 0.7705393433570862 0.7101371884346008 0.8497167825698853 
0.6923688650131226 0.7827454209327698 0.6207019686698914 0.8420031666755676 
0.7322607636451721 0.7659533023834229 0.7014074325561523 0.8473618030548096 
0.6818044781684875 0.7817972302436829 0.6044895648956299 0.8522554636001587 
0.7429789304733276 0.7743431329727173 0.714056670665741 0.8533005118370056 
0.7104103565216064 0.7888212203979492 0.6461785435676575 0.8591490387916565 
0.689934253692627 0.7982209920883179 0.6075182557106018 0.8588655591011047 
0.7153920531272888 0.783336877822876 0.6582932472229004 0.8603829145431519 
0.725568950176239 0.7830753326416016 0.6759308576583862 0.8565551042556763 
0.6983652114868164 0.7927132844924927 0.6240869164466858 0.8602606058120728 
0.7338345646858215 0.7766063213348389 0.6955282092094421 0.8618947863578796 
0.7112106680870056 0.7844864726066589 0.6504542827606201 0.8511481285095215 
0.7470788359642029 0.7724505066871643 0.7233208417892456 0.8585823178291321 
0.7200155854225159 0.7960724830627441 0.6572242975234985 0.86019366979599 
0.7894976735115051 0.8084391355514526 0.7714234590530396 0.8776922821998596 
0.820173978805542 0.7729780673980713 0.8735079169273376 0.8499122858047485 
0.8030112981796265 0.8079350590705872 0.7981471419334412 0.8665735125541687 
0.8371936678886414 0.7913691997528076 0.8886513710021973 0.8682131171226501 
0.8343610167503357 0.7932862043380737 0.8799216151237488 0.8742018342018127 
0.8083741664886475 0.8084461688995361 0.8083021640777588 0.8784503936767578 
0.8358259201049805 0.7949212193489075 0.8811687231063843 0.8722786903381348 
0.8263288736343384 0.7952224016189575 0.8599679470062256 0.8690763711929321 
0.798988401889801 0.7825418710708618 0.8161411285400391 0.8615085482597351 
0.8294230699539185 0.7804839611053467 0.8849100470542908 0.8560062646865845 
0.8249293565750122 0.7940013408660889 0.8583645224571228 0.8609203100204468 
0.833486795425415 0.7861655354499817 0.8868697881698608 0.8621155023574829 
0.8305964469909668 0.7949511408805847 0.8695884346961975 0.867924690246582 
0.8349596261978149 0.7909163236618042 0.8841974139213562 0.8702604174613953 
0.8339240550994873 0.7922077775001526 0.8802779316902161 0.8762717247009277 
0.8045032024383545 0.8069546222686768 0.8020666241645813 0.865117073059082 
0.8053215146064758 0.8018367886543274 0.8088366389274597 0.8688639998435974 
0.8161466121673584 0.792646050453186 0.8410832285881042 0.866361677646637 
0.7841598987579346 0.8241068124771118 0.7479066252708435 0.869501531124115 
0.7944225668907166 0.7971300482749939 0.7917335033416748 0.8660826683044434 
0.8140203952789307 0.7971311211585999 0.8316408395767212 0.8651529550552368 
0.811227560043335 0.7895447015762329 0.8341350555419922 0.8730350136756897 
0.7886785864830017 0.8061395287513733 0.7719579339027405 0.8632582426071167 
0.8075059652328491 0.7987103462219238 0.8164974451065063 0.8744914531707764 
0.8242591023445129 0.797998309135437 0.852307140827179 0.8686864972114563 
0.8120741844177246 0.7870277762413025 0.8387671709060669 0.8626951575279236 
0.8261128664016724 0.7909061312675476 0.8646000623703003 0.8677833676338196 
0.7788452506065369 0.8173453211784363 0.7438090443611145 0.8694210648536682 
0.8073155879974365 0.7861242294311523 0.8296810984611511 0.8621314167976379 
0.8035165071487427 0.7931273579597473 0.814181387424469 0.8638294339179993 
0.8277472257614136 0.7779344916343689 0.8843755722045898 0.8602992296218872 
0.8177562355995178 0.7703575491905212 0.8713700175285339 0.8616966009140015 
0.7920792102813721 0.7931404113769531 0.7910208702087402 0.8631947040557861 
0.8067984580993652 0.7859435677528381 0.8287903070449829 0.8665208220481873 
0.710523784160614 0.7815305590629578 0.6513450741767883 0.8521944284439087 
0.7094109654426575 0.7917032241821289 0.6426153779029846 0.8591534495353699 
0.7264728546142578 0.7842246294021606 0.6766434907913208 0.8561737537384033 
0.7431784868240356 0.7700095772743225 0.7181543111801147 0.8564621210098267 
0.7170393466949463 0.7810203433036804 0.6627472043037415 0.8581618070602417 
0.6575623750686646 0.7760542631149292 0.5704614520072937 0.8500193953514099 
0.8210854530334473 0.7984848618507385 0.8450026512145996 0.865337610244751 
0.820419192314148 0.8013931512832642 0.8403705954551697 0.8665043115615845 
0.8275980949401855 0.8001996278762817 0.8569392561912537 0.8751910924911499 
0.7890539765357971 0.8028766512870789 0.775699257850647 0.870066225528717 
0.8232545852661133 0.8002018332481384 0.8476750254631042 0.8735681176185608 
0.7431672811508179 0.8148778080940247 0.6830571889877319 0.8687558174133301 
0.823168158531189 0.7896890640258789 0.8596116304397583 0.8586304187774658 
0.7997548580169678 0.7863292098045349 0.8136469125747681 0.8649498224258423 
0.7764231562614441 0.7996601462364197 0.7544984817504883 0.8635183572769165 
0.8011233806610107 0.7894827723503113 0.8131124377250671 0.8633876442909241 
0.8007455468177795 0.797842264175415 0.8036700487136841 0.8564257621765137 
0.8187614679336548 0.8031185865402222 0.8350258469581604 0.8606817126274109 
0.8057082295417786 0.8017287254333496 0.8097274303436279 0.8622681498527527 
0.8032198548316956 0.7892022132873535 0.8177444934844971 0.8593689203262329 
0.7963980436325073 0.8051711320877075 0.7878140211105347 0.8644087314605713 
0.8096561431884766 0.7897679209709167 0.8305718898773193 0.8662620186805725 
0.7329939603805542 0.7627118825912476 0.7055050730705261 0.8525528907775879 
0.7186635136604309 0.774167001247406 0.6705861687660217 0.8557806015014648 
0.7321175336837769 0.7794768810272217 0.6901835203170776 0.8542607426643372 
0.740574836730957 0.7775818109512329 0.7069303393363953 0.8585741519927979 
0.7372944951057434 0.7750933170318604 0.7030108571052551 0.8521653413772583 
0.7331328988075256 0.7757009267807007 0.694993793964386 0.861701488494873 
0.7567079067230225 0.7675952911376953 0.7461250424385071 0.8580158352851868 
0.7276692390441895 0.7778228521347046 0.6835916638374329 0.8580188751220703 
0.73177570104599 0.7696087956428528 0.6974879503250122 0.8513867855072021 
0.7487666606903076 0.7684230208396912 0.730090856552124 0.8522744178771973 
0.7515238523483276 0.7562691569328308 0.7468376755714417 0.8435835242271423 
0.7055783867835999 0.7620917558670044 0.6568679809570312 0.8520248532295227 
0.7220256924629211 0.7560927867889404 0.6908961534500122 0.8496631383895874 
0.6976518630981445 0.7660345435142517 0.6404774785041809 0.8505846858024597 
0.7005126476287842 0.7841535806655884 0.6329948306083679 0.8604750037193298 
0.8076551556587219 0.796123206615448 0.8195260763168335 0.8604992032051086 
0.8022589087486267 0.794755220413208 0.8099055886268616 0.8643767833709717 
0.8259034156799316 0.7849462628364563 0.8713700175285339 0.8644794821739197 
0.717968225479126 0.7702040672302246 0.6723676919937134 0.8590143918991089 
0.7141205668449402 0.7773118019104004 0.6604311466217041 0.858372151851654 
0.7255995273590088 0.7586005926132202 0.6953500509262085 0.8468928933143616 
0.722070574760437 0.7653631567955017 0.6834135055541992 0.8517756462097168 
0.7965074777603149 0.7966494560241699 0.7963655591011047 0.8578181266784668 
0.6915721893310547 0.7740511894226074 0.624977707862854 0.8553056120872498 
0.8053042888641357 0.7940769195556641 0.8168537616729736 0.8552334308624268 
0.7937038540840149 0.7836430072784424 0.8040263652801514 0.8465378284454346 
0.8177012205123901 0.7841373682022095 0.854266881942749 0.8560042381286621 
0.8230382800102234 0.7887002229690552 0.8605024218559265 0.8716846704483032 
0.7712572813034058 0.7868396639823914 0.7562800645828247 0.8526808023452759 
0.7066974639892578 0.7683615684509277 0.6541956067085266 0.8123653531074524 
0.6601194739341736 0.7645403146743774 0.5807945728302002 0.8165807723999023 
0.7155131697654724 0.7611490488052368 0.675040066242218 0.8353894948959351 
0.7180695533752441 0.7624099254608154 0.6786032319068909 0.8373480439186096 
0.6733107566833496 0.7640805244445801 0.6018171906471252 0.8355652689933777 
0.6838734745979309 0.7509056329727173 0.6278282403945923 0.8396055698394775 
0.7100048661231995 0.7851899862289429 0.6479600667953491 0.8434604406356812 
0.7192333340644836 0.7693869471549988 0.6752182245254517 0.83062344789505 
0.7002663016319275 0.7843570709228516 0.632460355758667 0.8391214609146118 
0.7418674826622009 0.7637735605239868 0.7211829423904419 0.8431318998336792 
0.6957038044929504 0.782802402973175 0.6260466575622559 0.8436835408210754 
0.710013747215271 0.7926641702651978 0.6429716944694519 0.837517261505127 
0.7025291323661804 0.8044127821922302 0.6235524415969849 0.8505815863609314 
0.7234165668487549 0.7882353067398071 0.668448269367218 0.8503082990646362 
0.6532400846481323 0.7884131073951721 0.5576340556144714 0.8531950116157532 
0.6730966567993164 0.7936123609542847 0.584357738494873 0.8555788993835449 
0.6937965154647827 0.7832810282707214 0.6226616501808167 0.8357371091842651 
0.718335747718811 0.78610759973526 0.6613219380378723 0.8486594557762146 
0.7492277026176453 0.7645095586776733 0.7345448136329651 0.8586641550064087 
0.7277407050132751 0.782653272151947 0.68002849817276 0.859108030796051 
0.711076557636261 0.7828693985939026 0.6513450741767883 0.8499759435653687 
0.8113798499107361 0.792892336845398 0.830750048160553 0.8683188557624817 
0.8123854994773865 0.7957963347434998 0.8296810984611511 0.8663391470909119 
0.8067683577537537 0.7942343950271606 0.8197042346000671 0.866467297077179 
0.7811564207077026 0.7962620258331299 0.766613245010376 0.8657591342926025 
0.7878624796867371 0.7940644025802612 0.7817566394805908 0.8585612773895264 
0.7888839244842529 0.7939372062683105 0.7838945388793945 0.8541032075881958 
0.7956989407539368 0.8004326820373535 0.7910208702087402 0.8654865026473999 
0.8340283632278442 0.7840677499771118 0.8907892107963562 0.869994044303894 
0.7876962423324585 0.8075987100601196 0.7687510848045349 0.8652074933052063 
0.7860904335975647 0.8015182614326477 0.7712453007698059 0.8642175197601318 
0.8299100399017334 0.7925109267234802 0.8710137009620667 0.8660090565681458 
0.8014053702354431 0.7903673052787781 0.8127561211585999 0.8618049621582031 
0.7908355593681335 0.7977161407470703 0.7840726971626282 0.8644623756408691 
0.8108865022659302 0.7968696355819702 0.8254052996635437 0.8665699362754822 
0.778390109539032 0.7895894646644592 0.7675040364265442 0.862179696559906 
0.7748095393180847 0.7992424368858337 0.7518261075019836 0.8589186668395996 
0.8038511872291565 0.79008948802948 0.8181008100509644 0.8663938045501709 
0.8058704733848572 0.7951786518096924 0.8168537616729736 0.8604231476783752 
0.7676692605018616 0.804135799407959 0.7343666553497314 0.8577863574028015 
0.7385963201522827 0.7933714985847473 0.6908961534500122 0.8561508059501648 
0.7620124220848083 0.8086382746696472 0.7204703092575073 0.8581435680389404 
0.7850415706634521 0.8148360848426819 0.7573490142822266 0.8709812164306641 
0.7897892594337463 0.8057460784912109 0.7744521498680115 0.8673929572105408 
0.7048168778419495 0.7984216213226318 0.6308569312095642 0.8505859971046448 
0.6054041981697083 0.7842970490455627 0.4929627776145935 0.8451665639877319 
0.6670096516609192 0.7895249724388123 0.577409565448761 0.8604761958122253 
0.7055771946907043 0.801814079284668 0.629966139793396 0.8554062843322754 
0.8196327686309814 0.7905975580215454 0.8508818745613098 0.8637207746505737 
0.8281704783439636 0.7968055605888367 0.8621058464050293 0.883928120136261 
0.795979380607605 0.8093922734260559 0.7830037474632263 0.8769730925559998 
0.8015445470809937 0.8080753087997437 0.7951184511184692 0.8764337301254272 
0.7992129325866699 0.8024425506591797 0.7960092425346375 0.8772157430648804 
0.7629537582397461 0.824979305267334 0.7096027135848999 0.8613547682762146 
0.6744066476821899 0.7966019511222839 0.5847140550613403 0.8585304021835327 
0.7977042198181152 0.7907913327217102 0.8047389984130859 0.8530188798904419 
0.7596542835235596 0.7849135398864746 0.7359700798988342 0.8507215976715088 
0.73204106092453 0.7843616604804993 0.6862640380859375 0.8474431037902832 
0.6395885944366455 0.7782886624336243 0.5428469777107239 0.8485844135284424 
0.6375964879989624 0.7691920399665833 0.5444504022598267 0.8462035059928894 
0.6593607068061829 0.7659122943878174 0.5788348317146301 0.8498177528381348 
0.6859099864959717 0.7607988119125366 0.6244432330131531 0.8442635536193848 
0.6405620574951172 0.7624200582504272 0.5522893071174622 0.8385491967201233 
0.7606251835823059 0.7809684872627258 0.7413148283958435 0.841921329498291 
0.6661998629570007 0.7595803141593933 0.5932656526565552 0.8453918099403381 
0.762378990650177 0.7901375889778137 0.7365045547485352 0.8548122644424438 
0.7961059808731079 0.8056923747062683 0.7867450714111328 0.8587928414344788 
0.787169873714447 0.8080675601959229 0.7673258781433105 0.8547804355621338 
0.7830129861831665 0.7858937382698059 0.780153214931488 0.8539968132972717 
0.6943240165710449 0.7768467664718628 0.6276500821113586 0.8563939332962036 
0.7372147440910339 0.7725498080253601 0.7049705982208252 0.8572282791137695 
0.8226900696754456 0.8039448857307434 0.842330276966095 0.8628442883491516 
0.8243044018745422 0.8026671409606934 0.8471405506134033 0.8667084574699402 
0.8258455991744995 0.804630696773529 0.8482095003128052 0.8629655838012695 
0.7263259291648865 0.7916754484176636 0.6709424257278442 0.8651785850524902 
0.7250427603721619 0.777370035648346 0.6793158650398254 0.8566118478775024 
0.8199421763420105 0.8067241311073303 0.8336005806922913 0.8634810447692871 
0.7011920809745789 0.776455283164978 0.6392303705215454 0.8586233854293823 
0.8213123083114624 0.79095858335495 0.8540887236595154 0.8543665409088135 
0.730381190776825 0.7678256034851074 0.6964190006256104 0.8498237729072571 
0.7299803495407104 0.7695497870445251 0.6942811608314514 0.8522319197654724 
0.73614901304245 0.7797927260398865 0.6971316337585449 0.8575713634490967 
0.7279320359230042 0.7838060259819031 0.6794940233230591 0.8608341217041016 
0.6981490850448608 0.7962117791175842 0.6215927600860596 0.8582085371017456 
0.7340970635414124 0.7691256999969482 0.7021200656890869 0.8519144058227539 
0.6242146492004395 0.7758073210716248 0.5221806764602661 0.8454943299293518 
0.7152900099754333 0.7913156151771545 0.6525921821594238 0.8583681583404541 
0.6900454759597778 0.7972909808158875 0.6082308888435364 0.856803297996521 
0.7152175903320312 0.7885358333587646 0.6543737649917603 0.8587104082107544 
0.7189037799835205 0.7842105031013489 0.6636379957199097 0.8595763444900513 
0.6796702146530151 0.7800599932670593 0.6021735072135925 0.8562300205230713 
0.7171795964241028 0.790977418422699 0.655977189540863 0.8596295118331909 
0.683315098285675 0.7737719416618347 0.6117940545082092 0.8587344884872437 
0.684983491897583 0.7797998189926147 0.6107251048088074 0.8620538711547852 
0.6955734491348267 0.7989369034767151 0.615891695022583 0.8615169525146484 
0.7245955467224121 0.7940552234649658 0.6663103699684143 0.8681747317314148 
0.7212679386138916 0.7717303037643433 0.6769998073577881 0.8544082045555115 
0.6489779353141785 0.7716670632362366 0.5599501132965088 0.8495343327522278 
0.7206876277923584 0.7869647741317749 0.6647069454193115 0.8615696430206299 
0.7050727605819702 0.7865760326385498 0.6388740539550781 0.8612717390060425 
0.8099595308303833 0.8001043200492859 0.8200605511665344 0.8628103733062744 
0.8039524555206299 0.7894555926322937 0.8189916014671326 0.8538321256637573 
0.7928481101989746 0.8038820624351501 0.7821129560470581 0.8647891283035278 
0.7815820574760437 0.7971470952033997 0.766613245010376 0.8632782101631165 
0.7807515263557434 0.7899343371391296 0.7717797756195068 0.8584463000297546 
0.7694457173347473 0.8063256740570068 0.7357919216156006 0.8697662353515625 
0.7926485538482666 0.809966504573822 0.7760555744171143 0.8712992668151855 
0.7842851877212524 0.8010402917861938 0.7682166695594788 0.8613306283950806 
0.7766900658607483 0.8063278794288635 0.749153733253479 0.868215799331665 
0.7864865064620972 0.7955166697502136 0.777658998966217 0.8745536804199219 
0.749348521232605 0.8176074028015137 0.6916087865829468 0.8671408295631409 
0.7231519818305969 0.7805532813072205 0.6736147999763489 0.8532041311264038 
0.7164408564567566 0.7776387333869934 0.6641724705696106 0.8522771000862122 
0.7950066924095154 0.7957872152328491 0.794227659702301 0.8586309552192688 
0.705836296081543 0.7836486101150513 0.6420809030532837 0.856646716594696 
0.8018279075622559 0.7911897301673889 0.8127561211585999 0.86285001039505 
0.7951021790504456 0.7863739132881165 0.8040263652801514 0.8627317547798157 
0.7145020961761475 0.7622702717781067 0.6723676919937134 0.8422961235046387 
0.7169031500816345 0.7584493160247803 0.6796721816062927 0.8404337167739868 
0.7208994626998901 0.7674512267112732 0.6796721816062927 0.8467944264411926 
0.7253705263137817 0.7949044704437256 0.6670230031013489 0.8541679978370667 
0.7019764184951782 0.7739372849464417 0.6422590613365173 0.8423095345497131 
0.6974790096282959 0.772343635559082 0.6358453631401062 0.8518996834754944 
0.6874690651893616 0.7742079496383667 0.6182077527046204 0.8503251671791077 
0.8185455799102783 0.7997620105743408 0.838232696056366 0.875697910785675 
0.8030235767364502 0.8016690611839294 0.8043826818466187 0.8699470162391663 
0.775043785572052 0.8027873039245605 0.749153733253479 0.8636438846588135 
0.8061162233352661 0.7909808158874512 0.8218421339988708 0.8621697425842285 
0.7727981209754944 0.7957720160484314 0.7511134743690491 0.8582658767700195 
0.7855579853057861 0.8044818043708801 0.7675040364265442 0.864874005317688 
0.8078991174697876 0.7996509671211243 0.8163192868232727 0.8702207207679749 
0.8038243055343628 0.8140299320220947 0.7938713431358337 0.8724089860916138 
0.8225708603858948 0.8009790778160095 0.8453589677810669 0.8691428899765015 
0.7995336055755615 0.8050939440727234 0.7940495014190674 0.86933434009552 
0.7777777910232544 0.8141437768936157 0.7445216178894043 0.8760769367218018 
0.7993608117103577 0.7966731786727905 0.8020666241645813 0.8659328818321228 
0.8060176968574524 0.8007736802101135 0.8113308548927307 0.8719180822372437 
0.8069254755973816 0.7923750877380371 0.8220202922821045 0.8653111457824707 
0.8282932639122009 0.8019686341285706 0.8564047813415527 0.8694182634353638 
0.716044545173645 0.7929019927978516 0.6527703404426575 0.8533985614776611 
0.7186656594276428 0.7831476926803589 0.663994312286377 0.8497725129127502 
0.7334847450256348 0.7823541164398193 0.6903616786003113 0.8553671836853027 
0.8242372274398804 0.7962470650672913 0.854266881942749 0.8575791120529175 
0.7222806811332703 0.7799586653709412 0.672545850276947 0.8543137311935425 
0.7154831886291504 0.7790600061416626 0.661500096321106 0.8599331974983215 
0.8057883977890015 0.798251748085022 0.8134687542915344 0.859926700592041 
0.719571590423584 0.7934292554855347 0.6582932472229004 0.8632920980453491 
0.8261168599128723 0.7977434992790222 0.8565829396247864 0.8666563630104065 
0.7912324666976929 0.7979706525802612 0.7846071720123291 0.8608189821243286 
0.7790977954864502 0.7812612056732178 0.7769463658332825 0.8509451150894165 
0.7928661704063416 0.8060003519058228 0.780153214931488 0.856039822101593 
0.7914265394210815 0.8002185225486755 0.7828255891799927 0.8552173376083374 
0.7922159433364868 0.797580361366272 0.7869232296943665 0.8532171249389648 
0.6805402636528015 0.7761296033859253 0.605914831161499 0.8410593867301941 
0.7837380766868591 0.7826936841011047 0.7847853302955627 0.8503473401069641 
0.765101969242096 0.8179237842559814 0.7186887860298157 0.8546653389930725 
0.7791113257408142 0.8019615411758423 0.7575271725654602 0.8637534379959106 
0.809416651725769 0.7870728969573975 0.8330661058425903 0.8534480929374695 
0.7855587601661682 0.8002217411994934 0.7714234590530396 0.8582183718681335 
0.7816175222396851 0.7939717173576355 0.7696418762207031 0.8559859395027161 
0.6698662042617798 0.7846890091896057 0.584357738494873 0.8479519486427307 
0.7231125831604004 0.7892518639564514 0.6672011613845825 0.8499132394790649 
0.7354447245597839 0.7861341834068298 0.6908961534500122 0.8535568118095398 
0.7273775339126587 0.7892432808876038 0.6745055913925171 0.8541136384010315 
0.7225831151008606 0.7789907455444336 0.6737929582595825 0.8354233503341675 
0.7098153829574585 0.7808424234390259 0.6506324410438538 0.822023868560791 
0.7144086360931396 0.770945131778717 0.6655977368354797 0.8253669738769531 
0.7220960855484009 0.7697116136550903 0.68002849817276 0.8358465433120728 
0.7134280204772949 0.7670081853866577 0.6668448448181152 0.8285362124443054 
0.7454044222831726 0.7698879837989807 0.7224300503730774 0.8505665063858032 
0.7345182299613953 0.773291289806366 0.6994476914405823 0.8511566519737244 
0.7069632411003113 0.7732176780700684 0.6511669158935547 0.8421686291694641 
0.7379447221755981 0.7845104336738586 0.696597158908844 0.8589486479759216 
0.728520393371582 0.7711442708969116 0.6903616786003113 0.8506978750228882 
0.7306280136108398 0.774760365486145 0.6912524700164795 0.8563250303268433 
0.736526370048523 0.7770965099334717 0.6999821662902832 0.8496469855308533 
0.7234485745429993 0.7725617289543152 0.6802066564559937 0.8494752049446106 
0.6642628908157349 0.787493884563446 0.5743808746337891 0.8576895594596863 
0.7077581286430359 0.778942883014679 0.64849454164505 0.861603856086731 
0.6531845927238464 0.7871859073638916 0.5581685304641724 0.8522877097129822 
0.7046054601669312 0.7808842658996582 0.64190274477005 0.8549120426177979 
0.6961126923561096 0.792671799659729 0.6205238103866577 0.8456718921661377 
0.7318861484527588 0.7981902360916138 0.6757526993751526 0.8461673259735107 
0.6785894632339478 0.7838468551635742 0.5982540249824524 0.8256558179855347 
0.7342414259910583 0.7766295671463013 0.6962408423423767 0.8426726460456848 
0.7369999289512634 0.7772727012634277 0.7006947994232178 0.8483612537384033 
0.7153425216674805 0.7762718796730042 0.6632816791534424 0.840432345867157 
0.7133560180664062 0.7842802405357361 0.6541956067085266 0.8444390296936035 
0.718122124671936 0.7843427062034607 0.6622127294540405 0.8398047089576721 
0.7168506979942322 0.7773844003677368 0.6650632619857788 0.8517516851425171 
0.7310515642166138 0.7863002419471741 0.6830571889877319 0.8560556769371033 
0.7099288702011108 0.783440887928009 0.649029016494751 0.8498992919921875 
0.731285810470581 0.7733412981033325 0.6935685276985168 0.8486505746841431 
0.7319254279136658 0.7852622866630554 0.6853732466697693 0.8491390943527222 
0.683032214641571 0.7608838081359863 0.6196330189704895 0.8405957818031311 
0.7122949957847595 0.7611426115036011 0.6693390607833862 0.8414128422737122 
0.6718812584877014 0.7685248851776123 0.596828818321228 0.8430274724960327 
0.6797424554824829 0.7655064463615417 0.6112595796585083 0.8434236645698547 
0.7972398996353149 0.7917764782905579 0.8027792572975159 0.8591995239257812 
0.7912400960922241 0.790747344493866 0.7917335033416748 0.8564547300338745 
0.7827661037445068 0.7955842018127441 0.7703545093536377 0.8505374193191528 
0.78780198097229 0.8004781007766724 0.7755210995674133 0.8475655317306519 
0.7691593766212463 0.8025169372558594 0.7384642958641052 0.8531889915466309 
0.763525128364563 0.8236749768257141 0.71156245470047 0.8603568077087402 
0.7978988885879517 0.7974728345870972 0.7983253002166748 0.8574504256248474 
0.8108671307563782 0.790622889995575 0.8321753144264221 0.8532251119613647 
0.7447707056999207 0.8070284724235535 0.6914306282997131 0.8581907749176025 
0.7423896789550781 0.7964890599250793 0.6951718926429749 0.8428145051002502 
0.805553138256073 0.7947295308113098 0.81667560338974 0.8553144931793213 
0.8069220185279846 0.7958759069442749 0.818278968334198 0.8600201606750488 
0.794816792011261 0.797382116317749 0.7922679781913757 0.8608827590942383 
0.7764983177185059 0.7906203866004944 0.7628719210624695 0.8517521619796753 
0.753999650478363 0.7991222739219666 0.7137003540992737 0.8525258898735046 
0.7742171883583069 0.7963835000991821 0.7532513737678528 0.8586868047714233 
0.7521224021911621 0.7894634008407593 0.7181543111801147 0.8472703695297241 
0.7516345977783203 0.8028340339660645 0.706574022769928 0.8523132801055908 
0.7724213004112244 0.7890726923942566 0.7564582228660583 0.8501180410385132 
0.7863216996192932 0.7902123332023621 0.7824692726135254 0.8551463484764099 
0.7698391079902649 0.7955150008201599 0.7457687258720398 0.8509073853492737 
0.7098634839057922 0.7709333896636963 0.6577587723731995 0.8525291681289673 
0.6924901008605957 0.7774572968482971 0.6242650747299194 0.8517131805419922 
0.7810986042022705 0.8019894957542419 0.7612684965133667 0.8612013459205627 
0.7856884002685547 0.7991523742675781 0.772670567035675 0.8538548946380615 
0.7846014499664307 0.7980468273162842 0.7716016173362732 0.8577706813812256 
0.7749428153038025 0.7961292862892151 0.7548547983169556 0.8612265586853027 
0.7834168672561646 0.8017531037330627 0.7659006118774414 0.8616129159927368 
0.7051193714141846 0.7861524820327759 0.6392303705215454 0.8607431054115295 
0.8140835165977478 0.7987313270568848 0.8300374150276184 0.8568160533905029 
0.7432293891906738 0.7780592441558838 0.7113842964172363 0.8636218905448914 
0.7130833864212036 0.7697708010673523 0.6641724705696106 0.8525452613830566 
0.7193083763122559 0.7804877758026123 0.6670230031013489 0.8594284653663635 
0.7357765436172485 0.7763053774833679 0.6992695331573486 0.8650009632110596 
0.7206346392631531 0.777319610118866 0.6716550588607788 0.8602028489112854 
0.7227051258087158 0.7790362238883972 0.6739711165428162 0.8603966236114502 
0.8108435869216919 0.7889769077301025 0.8339568972587585 0.8584162592887878 
0.7938822507858276 0.7924728989601135 0.7952966094017029 0.849339485168457 
0.7860723733901978 0.8047779202461243 0.7682166695594788 0.8600157499313354 
0.7804387807846069 0.8013891577720642 0.7605558633804321 0.8557009100914001 
0.7996792197227478 0.7999643683433533 0.7993942499160767 0.8642863631248474 
0.7688469886779785 0.7985031604766846 0.7413148283958435 0.858940064907074 
0.7579007148742676 0.810926079750061 0.7113842964172363 0.8590686321258545 
0.7906388640403748 0.8021635413169861 0.7794405817985535 0.8619462251663208 
0.7431673407554626 0.7982814908027649 0.6951718926429749 0.8589626550674438 
0.7718852162361145 0.7871828079223633 0.7571708559989929 0.8567512035369873 
0.7502090334892273 0.7837733030319214 0.7194014191627502 0.844412088394165 
0.7628117799758911 0.7769770622253418 0.749153733253479 0.8502027988433838 
0.7307095527648926 0.8014033436775208 0.6714769005775452 0.8595993518829346 
0.7528573870658875 0.793914258480072 0.7158382534980774 0.8574122190475464 
0.7161813974380493 0.8062430620193481 0.6442188024520874 0.8601480722427368 
0.7704053521156311 0.78641676902771 0.7550329566001892 0.8598278760910034 
0.7298633456230164 0.800382673740387 0.6707642674446106 0.8604748845100403 
0.7456631064414978 0.7967990040779114 0.7006947994232178 0.8594931960105896 
0.7222765684127808 0.800563633441925 0.6579369306564331 0.8619234561920166 
0.7397496104240417 0.7979381680488586 0.6894708871841431 0.8620725274085999 
0.73175448179245 0.7998732328414917 0.6743274331092834 0.8591989278793335 
0.7524920105934143 0.796853244304657 0.7128095626831055 0.8607426881790161 
0.7628962397575378 0.8055060505867004 0.7245679497718811 0.8651539087295532 
0.7600037455558777 0.7975724339485168 0.7258150577545166 0.8590829372406006 
0.7636498212814331 0.7945311069488525 0.735079288482666 0.8587740659713745 
0.6636262536048889 0.7696285843849182 0.5832887887954712 0.8509111404418945 
0.6209385991096497 0.7684625387191772 0.5209335684776306 0.8537034392356873 
0.7012861371040344 0.7669204473495483 0.6460003852844238 0.8455706238746643 
0.6830622553825378 0.7702974677085876 0.6135756373405457 0.847044825553894 
0.6784508228302002 0.7664348483085632 0.6085872054100037 0.8437670469284058 
0.6566728949546814 0.7898823022842407 0.5619098544120789 0.8428857326507568 
0.6630612015724182 0.7759732604026794 0.5788348317146301 0.8391600251197815 
0.6451815366744995 0.781693696975708 0.5492606163024902 0.8431387543678284 
0.6547508835792542 0.7731683850288391 0.5677890777587891 0.8418256044387817 
0.6718829274177551 0.7819299697875977 0.5889898538589478 0.8472700119018555 
0.6606550812721252 0.7898389101028442 0.5677890777587891 0.8483027815818787 
0.6668023467063904 0.7772770524024963 0.5838232636451721 0.8377067446708679 
0.6653938889503479 0.763079047203064 0.589880645275116 0.8237056732177734 
0.6706261038780212 0.7708863615989685 0.5934438109397888 0.8335019946098328 
0.7848905920982361 0.8003703951835632 0.7699981927871704 0.8552669286727905 
0.7400676608085632 0.8089602589607239 0.6819882392883301 0.8591132164001465 
0.8131544589996338 0.7906428575515747 0.8369855880737305 0.8634657859802246 
0.8259409070014954 0.799433171749115 0.854266881942749 0.8737158179283142 
0.7863759994506836 0.8021122813224792 0.7712453007698059 0.8677944540977478 
0.7515614628791809 0.7882283926010132 0.7181543111801147 0.8543242812156677 
0.788037121295929 0.79701167345047 0.7792624235153198 0.8541368246078491 
0.791756272315979 0.7964665293693542 0.7871013879776001 0.8617826700210571 
0.8020647764205933 0.8013516068458557 0.8027792572975159 0.8673999905586243 
0.7433834075927734 0.8153976798057556 0.6830571889877319 0.8688045144081116 
0.7963465452194214 0.8086317777633667 0.7844290137290955 0.8739875555038452 
0.7366946935653687 0.7739846706390381 0.7028326988220215 0.845939040184021 
0.7048318386077881 0.7953425645828247 0.6328166723251343 0.8504329919815063 
0.696546196937561 0.7920544743537903 0.6215927600860596 0.8516594171524048 
0.7248088121414185 0.7935565710067749 0.6670230031013489 0.8528726696968079 
0.7228637337684631 0.7859385013580322 0.6691609025001526 0.857113778591156 
0.7078761458396912 0.7862894535064697 0.6436843276023865 0.8549208045005798 
0.7119766473770142 0.7850547432899475 0.6513450741767883 0.8515601754188538 
0.716582715511322 0.7851836085319519 0.659005880355835 0.8535619974136353 
0.6995102763175964 0.7768109440803528 0.6362016797065735 0.8449344635009766 
0.6591262817382812 0.789264440536499 0.565829336643219 0.8507183790206909 
0.6860982179641724 0.7701863646507263 0.6185640692710876 0.8533767461776733 
0.6858499050140381 0.7706666588783264 0.6178514361381531 0.8477907180786133 
0.6574122309684753 0.7853960394859314 0.5652948617935181 0.8510034084320068 
0.6716583967208862 0.7772833704948425 0.5913059115409851 0.8426864147186279 
0.6241574883460999 0.7811998128890991 0.5196864604949951 0.8462643623352051 
0.7035282850265503 0.7690194249153137 0.6483163833618164 0.8506892323493958 
0.6630918383598328 0.767267644405365 0.5838232636451721 0.8464657664299011 
0.6335364580154419 0.7720870971679688 0.5371459126472473 0.8455365896224976 
0.6747084259986877 0.7659574747085571 0.6028861403465271 0.8478304147720337 
0.6755573153495789 0.7652761936187744 0.6046677231788635 0.8460314869880676 
0.7160327434539795 0.7791282534599304 0.6623908877372742 0.8535282611846924 
0.7128404378890991 0.7850867509841919 0.6527703404426575 0.8508535027503967 
0.7094614505767822 0.7929137349128723 0.64190274477005 0.858778178691864 
0.7115218043327332 0.7738693356513977 0.658471405506134 0.8489084839820862 
0.7257360219955444 0.7770998477935791 0.6807411313056946 0.8549677133560181 
0.6694810390472412 0.793120265007019 0.5791911482810974 0.8518185615539551 
0.7102803587913513 0.7930579781532288 0.6431498527526855 0.8521374464035034 
0.6647582054138184 0.7799903750419617 0.5791911482810974 0.8484823107719421 
0.7052282691001892 0.7792627811431885 0.6440406441688538 0.8483625650405884 
0.6384108662605286 0.7905814051628113 0.5353643298149109 0.8486607074737549 
0.6740154027938843 0.7702702879905701 0.5991448163986206 0.8441665768623352 
0.6577236652374268 0.7815105319023132 0.5677890777587891 0.8471790552139282 
0.6632176637649536 0.7700824737548828 0.582397997379303 0.844116747379303 
0.694652795791626 0.7662225961685181 0.6353108882904053 0.8506609201431274 
0.6595048308372498 0.7745734453201294 0.5742027163505554 0.8502890467643738 
0.6561040282249451 0.763052225112915 0.5754498243331909 0.8408557176589966 
0.6733668446540833 0.7724233269691467 0.596828818321228 0.852891206741333 
0.6641639471054077 0.7713881731033325 0.5831106305122375 0.851294219493866 
0.77643883228302 0.783911406993866 0.7691074013710022 0.8685826659202576 
0.7481904625892639 0.8037651181221008 0.6998040080070496 0.8642488718032837 
0.7437310218811035 0.7965412139892578 0.6974879503250122 0.8512727618217468 
0.7514277696609497 0.7918310761451721 0.7149474620819092 0.8494461178779602 
0.7639296054840088 0.786563515663147 0.742561936378479 0.853469967842102 
0.637684166431427 0.7712335586547852 0.5435596108436584 0.8483092188835144 
0.760118842124939 0.7935646176338196 0.7293782234191895 0.8547184467315674 
0.728665828704834 0.787903904914856 0.6777124404907227 0.8475335240364075 
0.7772039771080017 0.7907448410987854 0.764119029045105 0.8585654497146606 
0.7682399749755859 0.7943302989006042 0.7438090443611145 0.8496231436729431 
0.7687000632286072 0.7836387157440186 0.7543203234672546 0.8563023805618286 
0.6530192494392395 0.772638738155365 0.5654730200767517 0.839087188243866 
0.6686801314353943 0.768750011920929 0.5916622281074524 0.8396358489990234 
0.6657243967056274 0.768173336982727 0.587386429309845 0.8416347503662109 
0.6718223094940186 0.7574334740638733 0.6035987734794617 0.8397497534751892 
0.6710051894187927 0.7659428715705872 0.5970069766044617 0.840592622756958 
0.6429308652877808 0.7640421986579895 0.5549616813659668 0.8236144185066223 
0.6662643551826477 0.765072762966156 0.5900588035583496 0.8395462036132812 
0.6500154733657837 0.7725711464881897 0.5610190629959106 0.8450121879577637 
0.6787564754486084 0.7700655460357666 0.6068056225776672 0.8513244390487671 
0.6755573153495789 0.7652761936187744 0.6046677231788635 0.8502222299575806 
0.6824795603752136 0.7744854092597961 0.6100124716758728 0.8496405482292175 
0.6670706868171692 0.7702355980873108 0.5882772207260132 0.84734046459198 
0.6777909994125366 0.7658810615539551 0.6078745722770691 0.8506042957305908 
0.6584041714668274 0.7744578123092651 0.5725993514060974 0.8453646302223206 
0.6659857034683228 0.7804644703865051 0.5807945728302002 0.848240852355957 
