0.888093113899231 0.8809946775436401 0.8953068852424622 0.940605878829956 
0.8611111044883728 0.9559471607208252 0.7833935022354126 0.9690664410591125 
0.9473684430122375 0.9215016961097717 0.9747292399406433 0.9715997576713562 
0.9559082984924316 0.934482753276825 0.9783393740653992 0.9803366661071777 
0.9525483250617981 0.9280821681022644 0.9783393740653992 0.9626184105873108 
0.9418907165527344 0.9065108299255371 0.9801443815231323 0.9626396298408508 
0.9305912852287292 0.8858075141906738 0.9801443815231323 0.9729062914848328 
0.9552772641181946 0.9468085169792175 0.9638988971710205 0.978990912437439 
0.9603524208068848 0.9380378723144531 0.9837545156478882 0.9766515493392944 
0.9470945596694946 0.9115191698074341 0.9855595827102661 0.9837887287139893 
0.9296013712882996 0.876800000667572 0.9891696572303772 0.9746542572975159 
0.9152542352676392 0.9566929340362549 0.8772563338279724 0.9656779170036316 
0.9566755294799805 0.9376083016395569 0.9765343070030212 0.9868074655532837 
0.9649737477302551 0.9370748400688171 0.994584858417511 0.9889073967933655 
0.939130425453186 0.9060402512550354 0.9747292399406433 0.966973066329956 
0.9350411891937256 0.948051929473877 0.922382652759552 0.9775118231773376 
0.9561403393745422 0.9300341010093689 0.9837545156478882 0.972456693649292 
0.937766432762146 0.888529896736145 0.9927797913551331 0.9743561744689941 
0.9450549483299255 0.9591078162193298 0.9314079284667969 0.9784891605377197 
0.9575971961021423 0.9377162456512451 0.9783393740653992 0.9814412593841553 
0.9595782160758972 0.9349315166473389 0.9855595827102661 0.979178249835968 
0.9582222104072571 0.9439579844474792 0.9729241728782654 0.9824984669685364 
0.9511753916740417 0.9528985619544983 0.9494584798812866 0.9812945127487183 
0.9569041132926941 0.9331046342849731 0.9819494485855103 0.9784045815467834 
0.967169463634491 0.9511343836784363 0.9837545156478882 0.9812586903572083 
0.9652715921401978 0.9525483250617981 0.9783393740653992 0.9874721169471741 
0.9648965001106262 0.9622980356216431 0.9675090312957764 0.9901129603385925 
0.9513513445854187 0.9496402740478516 0.9530686140060425 0.9794520735740662 
0.9669937491416931 0.9559082984924316 0.9783393740653992 0.9873124957084656 
0.9714794754981995 0.9595070481300354 0.9837545156478882 0.9887526035308838 
0.9537118077278137 0.9238578677177429 0.9855595827102661 0.9758614301681519 
0.938144326210022 0.8950819969177246 0.9855595827102661 0.9683073163032532 
0.9414991140365601 0.9537037014961243 0.929602861404419 0.9822948575019836 
0.9562937021255493 0.9271186590194702 0.987364649772644 0.9842286109924316 
0.9490940570831299 0.9090909361839294 0.9927797913551331 0.9751218557357788 
0.9536784887313843 0.9597806334495544 0.9476534128189087 0.9833651781082153 
0.920604944229126 0.966269850730896 0.8790614008903503 0.9820928573608398 
0.9638128876686096 0.9430052042007446 0.9855595827102661 0.9837154150009155 
0.9585903286933899 0.9363166689872742 0.9819494485855103 0.9781259894371033 
0.9518072009086609 0.9095394611358643 0.9981949329376221 0.977370023727417 
0.9694793820381165 0.9642857313156128 0.9747292399406433 0.9818582534790039 
0.9572052359580994 0.9272419810295105 0.9891696572303772 0.9765375852584839 
0.9655781388282776 0.9447323083877563 0.987364649772644 0.9781553149223328 
0.9571558833122253 0.9668508172035217 0.9476534128189087 0.9827884435653687 
0.9693251252174377 0.9420783519744873 0.9981949329376221 0.9873613715171814 
0.966549277305603 0.9432989954948425 0.9909747242927551 0.9843817949295044 
0.9726390242576599 0.951640784740448 0.994584858417511 0.9839076995849609 
0.9599287509918213 0.9472759366035461 0.9729241728782654 0.9800287485122681 
0.9766606688499451 0.9714285731315613 0.9819494485855103 0.9940685033798218 
0.9679144620895386 0.9559859037399292 0.9801443815231323 0.9830784201622009 
0.9707705974578857 0.9530434608459473 0.9891696572303772 0.9890328049659729 
0.9673433303833008 0.9464594125747681 0.9891696572303772 0.9851734638214111 
0.974176287651062 0.9613356590270996 0.987364649772644 0.989829421043396 
0.9421338438987732 0.9438405632972717 0.9404332041740417 0.9787124395370483 
0.9529837369918823 0.9547101259231567 0.9512635469436646 0.9844974279403687 
0.9687220454216003 0.9592920541763306 0.9783393740653992 0.985197901725769 
0.9575021862983704 0.9215359091758728 0.9963898658752441 0.9881970882415771 
0.960698664188385 0.9306260347366333 0.9927797913551331 0.9840867519378662 
0.9660107493400574 0.957446813583374 0.9747292399406433 0.9847465753555298 
