0.7731916904449463 0.7059701681137085 0.8545618653297424 0.7771639823913574 
0.7972915768623352 0.75 0.8509485125541687 0.7890335321426392 
0.7974101901054382 0.7416472434997559 0.8622403144836426 0.8122003078460693 
0.805245041847229 0.7682526707649231 0.8459801077842712 0.8378411531448364 
0.8032606244087219 0.7840860486030579 0.8233965635299683 0.8375424146652222 
0.8216106295585632 0.748792290687561 0.9101174473762512 0.8280286192893982 
0.8111401200294495 0.7825356721878052 0.8419150710105896 0.8199452757835388 
0.8110798597335815 0.7785625457763672 0.8464317917823792 0.8317052721977234 
0.8465035557746887 0.812889814376831 0.8830171823501587 0.8528140783309937 
0.814878523349762 0.7775954008102417 0.8559169173240662 0.8408077955245972 
0.823761522769928 0.800255537033081 0.8486901521682739 0.8532508611679077 
0.8194140791893005 0.7940678000450134 0.8464317917823792 0.835681676864624 
0.8157494068145752 0.7868233323097229 0.8468834757804871 0.8433026075363159 
0.8486659526824951 0.8045325875282288 0.8979223370552063 0.8498279452323914 
0.8401963114738464 0.7961989641189575 0.8893405795097351 0.8545330762863159 
0.8151447772979736 0.8040421605110168 0.8265582919120789 0.855293869972229 
0.822364091873169 0.8020609617233276 0.8437217473983765 0.8510446548461914 
0.8248736262321472 0.8031664490699768 0.8477867841720581 0.8570743203163147 
0.8476290702819824 0.7945476174354553 0.9083107709884644 0.8632388710975647 
0.8451968431472778 0.7705466747283936 0.9358627200126648 0.8427959680557251 
0.846478283405304 0.7939082384109497 0.9065040946006775 0.8536061644554138 
0.8445221781730652 0.8185672163963318 0.8721770644187927 0.8592352867126465 
0.839837908744812 0.7955555319786072 0.8893405795097351 0.8419846296310425 
0.8066070079803467 0.8195804357528687 0.794037938117981 0.828546404838562 
0.8495011925697327 0.801361620426178 0.9037940502166748 0.8526634573936462 
0.8192189335823059 0.7965016961097717 0.8432701230049133 0.8484585285186768 
0.8481093645095825 0.8046209812164307 0.8965672850608826 0.8513018488883972 
0.8445672988891602 0.7979108095169067 0.8970189690589905 0.8575743436813354 
0.8510186672210693 0.8026421070098877 0.9056007266044617 0.8562148809432983 
0.8455353379249573 0.7953821420669556 0.9024389982223511 0.8535563945770264 
0.8481833934783936 0.8136929273605347 0.8857271671295166 0.8508073091506958 
0.8427249789237976 0.7883556485176086 0.9051490426063538 0.8531023263931274 
0.8410059809684753 0.7962065935134888 0.891147255897522 0.8508226275444031 
0.8409042954444885 0.7899960279464722 0.8988256454467773 0.8581648468971252 
0.8546935319900513 0.8132137060165405 0.9006323218345642 0.8657275438308716 
0.8459383845329285 0.808817446231842 0.8866305351257324 0.8573685884475708 
0.8497011065483093 0.8056679964065552 0.8988256454467773 0.8545160889625549 
0.844712495803833 0.8073281049728394 0.8857271671295166 0.8596640825271606 
0.8521556258201599 0.7973238825798035 0.9150857925415039 0.8651533722877502 
0.8279213309288025 0.8102031946182251 0.8464317917823792 0.8532114624977112 
0.8513800501823425 0.8032852411270142 0.9056007266044617 0.8607224822044373 
0.8382697701454163 0.7934650778770447 0.8884372115135193 0.8544139266014099 
0.8240495324134827 0.806926429271698 0.8419150710105896 0.8497358560562134 
0.8174291849136353 0.7895622849464417 0.847335159778595 0.8411170840263367 
0.8476231098175049 0.799439549446106 0.9019873738288879 0.8570282459259033 
0.8495537638664246 0.8021669387817383 0.902890682220459 0.8546979427337646 
0.8542562127113342 0.8150122761726379 0.8974706530570984 0.8727894425392151 
0.8545064330101013 0.8139820098876953 0.8992773294448853 0.8666495084762573 
0.8455319404602051 0.7992759346961975 0.8974706530570984 0.853369951248169 
0.8487163186073303 0.8003201484680176 0.9033423662185669 0.8612791895866394 
0.8462353944778442 0.7976809144020081 0.9010840058326721 0.8597490787506104 
0.8589826226234436 0.8184049129486084 0.9037940502166748 0.8697583675384521 
0.8476454019546509 0.8023396730422974 0.8983739614486694 0.857562243938446 
0.8576329350471497 0.8163265585899353 0.9033423662185669 0.8680979013442993 
0.8485108017921448 0.8071748614311218 0.8943089246749878 0.845715343952179 
0.8540239930152893 0.8116354942321777 0.9010840058326721 0.8687583804130554 
0.8421725034713745 0.7968561053276062 0.8929539322853088 0.8560274839401245 
0.8490646481513977 0.8020080327987671 0.9019873738288879 0.8592085838317871 
0.849698543548584 0.8119341731071472 0.891147255897522 0.8575645685195923 
0.8508263826370239 0.8106339573860168 0.8952122926712036 0.859731137752533 
0.8486520648002625 0.8005606532096863 0.902890682220459 0.8626589775085449 
0.8436099886894226 0.7994338870048523 0.8929539322853088 0.8575926423072815 
0.8540379405021667 0.8083904981613159 0.9051490426063538 0.868425726890564 
0.8558596968650818 0.8127538561820984 0.9037940502166748 0.8665972948074341 
0.8463175892829895 0.8003220558166504 0.8979223370552063 0.8590826392173767 
0.8469041585922241 0.7981614470481873 0.9019873738288879 0.8576593995094299 
0.8498815298080444 0.8122684359550476 0.891147255897522 0.8703901767730713 
0.856717050075531 0.8103101253509521 0.9087623953819275 0.8686494827270508 
0.856532871723175 0.8121457695960999 0.9060524106025696 0.8670288324356079 
0.8603399991989136 0.8216193914413452 0.902890682220459 0.8726339340209961 
0.8492029309272766 0.811779260635376 0.8902438879013062 0.8695207238197327 
0.8495762944221497 0.8000798225402832 0.9056007266044617 0.861532986164093 
0.853248119354248 0.8073357343673706 0.9046973586082458 0.8676717877388 
0.8392323851585388 0.7948303818702698 0.8888888955116272 0.8531008958816528 
0.8497208952903748 0.8097381591796875 0.8938573002815247 0.8691520690917969 
0.8486405611038208 0.8066747784614563 0.8952122926712036 0.8640043139457703 
0.8502538204193115 0.7995226979255676 0.9078590869903564 0.864253580570221 
0.8486131429672241 0.7987245917320251 0.9051490426063538 0.8607394099235535 
0.8533106446266174 0.8070881962776184 0.9051490426063538 0.8657451868057251 
0.8469278812408447 0.805046796798706 0.8934056162834167 0.8567744493484497 
