0.7591751217842102 0.6707844138145447 0.8743961453437805 0.7212562561035156 
0.7702082395553589 0.6857322454452515 0.8784219026565552 0.7569429874420166 
0.770480215549469 0.6861635446548462 0.8784219026565552 0.7516391277313232 
0.18487395346164703 0.7096773982048035 0.10628019273281097 0.7650784850120544 
0.7606123685836792 0.6697303652763367 0.8800321817398071 0.7274382710456848 
0.7725169062614441 0.6924058794975281 0.8735910058021545 0.7586337327957153 
0.7435601949691772 0.711552619934082 0.7785829305648804 0.7657394409179688 
0.7692852020263672 0.6862373948097229 0.8752012848854065 0.7697233557701111 
0.7879666686058044 0.716545820236206 0.8752012848854065 0.7596777081489563 
0.7749999761581421 0.6964056491851807 0.8735910058021545 0.7761328220367432 
0.7730147838592529 0.6857855319976807 0.8856682777404785 0.7794461250305176 
0.7664207816123962 0.6797508001327515 0.8784219026565552 0.7623496055603027 
0.7796852588653564 0.7014157176017761 0.8776167631149292 0.7822171449661255 
0.7915605902671814 0.7219641804695129 0.8760064244270325 0.7833393812179565 
0.7663747668266296 0.6782392859458923 0.8808373808860779 0.7722998857498169 
0.7774627804756165 0.6943038105964661 0.8832527995109558 0.7925489544868469 
0.799125075340271 0.7301799058914185 0.8824476599693298 0.7957553267478943 
0.7851477861404419 0.7108355164527893 0.8768116235733032 0.7703897953033447 
0.7880597114562988 0.734353244304657 0.8502415418624878 0.7887786030769348 
0.7929292917251587 0.7183006405830383 0.8848631381988525 0.7811669707298279 
0.7950760126113892 0.7223684191703796 0.8840579986572266 0.7811769843101501 
0.7923299670219421 0.7194480895996094 0.8816425204277039 0.7812113165855408 
0.8010278940200806 0.736167311668396 0.8784219026565552 0.7915163040161133 
0.7904278635978699 0.7189973592758179 0.8776167631149292 0.7859476208686829 
0.8005854487419128 0.7337357401847839 0.8808373808860779 0.8011123538017273 
0.7920289635658264 0.7200263738632202 0.8800321817398071 0.7817118763923645 
0.7956204414367676 0.7276368737220764 0.8776167631149292 0.7853314876556396 
0.7860732078552246 0.7091968655586243 0.8816425204277039 0.7657050490379333 
0.8118128776550293 0.7819767594337463 0.8440161347389221 0.8266709446907043 
0.8289560675621033 0.8165217638015747 0.8417750000953674 0.8433006405830383 
0.8215222954750061 0.8022212982177734 0.8417750000953674 0.827868640422821 
0.8186168074607849 0.7950992584228516 0.8435679078102112 0.8299077153205872 
0.8230416774749756 0.8018707633018494 0.8453608155250549 0.8483448624610901 
0.8252853155136108 0.8086021542549133 0.8426714539527893 0.8466653227806091 
0.8263736367225647 0.8106942772865295 0.8426714539527893 0.8421984314918518 
0.8414633870124817 0.7924752235412598 0.8969072103500366 0.8420742154121399 
0.8535031676292419 0.8108108043670654 0.9009412527084351 0.8589125871658325 
0.8378492593765259 0.793822705745697 0.8870461583137512 0.8494472503662109 
0.8247694373130798 0.8084373474121094 0.8417750000953674 0.8505502343177795 
0.8182798027992249 0.7882059812545776 0.850739598274231 0.8514484763145447 
0.8104856014251709 0.7783738970756531 0.8453608155250549 0.8482388257980347 
0.823632001876831 0.8017826676368713 0.8467054963111877 0.8454037308692932 
0.824199914932251 0.8065208196640015 0.8426714539527893 0.8502073287963867 
0.8163533210754395 0.7968416810035706 0.8368444442749023 0.8364447355270386 
0.824226438999176 0.8073946833610535 0.8417750000953674 0.8479500412940979 
0.8206850290298462 0.819767415523529 0.8216046690940857 0.8633108139038086 
0.8117026090621948 0.7969762682914734 0.8269833922386169 0.8515462875366211 
0.8272228240966797 0.8106712698936462 0.8444643616676331 0.8611838221549988 
0.853462815284729 0.8067864179611206 0.9058718085289001 0.8578420281410217 
0.8440290689468384 0.7863777279853821 0.9108023047447205 0.8525714874267578 
0.827061116695404 0.8034657835960388 0.8520842790603638 0.8425894975662231 
0.8438218832015991 0.7907523512840271 0.9045271277427673 0.8541407585144043 
0.8205907940864563 0.7960387468338013 0.8467054963111877 0.8598216772079468 
0.8213356733322144 0.7954640984535217 0.8489466309547424 0.8536338806152344 
0.8287340998649597 0.8102783560752869 0.8480501770973206 0.8566055297851562 
0.8461377620697021 0.7937942147254944 0.9058718085289001 0.8503560423851013 
0.8547117710113525 0.813360333442688 0.9004930257797241 0.8509879112243652 
0.8455420732498169 0.7930899262428284 0.9054235816001892 0.8445397019386292 
0.8273925185203552 0.798582136631012 0.8583594560623169 0.8530527949333191 
0.8481742739677429 0.8099510669708252 0.8901837468147278 0.8594622015953064 
0.8283002376556396 0.7983368039131165 0.8606006503105164 0.845321536064148 
0.8596342206001282 0.8178874850273132 0.9058718085289001 0.8694227337837219 
0.8513599038124084 0.8037420511245728 0.9049753546714783 0.848327100276947 
0.8283271193504333 0.8107296228408813 0.8467054963111877 0.8589619398117065 
0.8515559434890747 0.801980197429657 0.9076647162437439 0.8616522550582886 
0.8511627912521362 0.8055222034454346 0.9022859930992126 0.8591164946556091 
0.8261331915855408 0.7864667773246765 0.8700134754180908 0.8470163941383362 
0.8294066190719604 0.8079047799110413 0.8520842790603638 0.8517593145370483 
0.828832745552063 0.8060144186019897 0.8529807329177856 0.8625743985176086 
0.853034496307373 0.8074459433555603 0.9040789008140564 0.8578659296035767 
0.8453003764152527 0.7930086255073547 0.9049753546714783 0.8471047878265381 
0.8434728980064392 0.7811306118965149 0.9166293144226074 0.8632838129997253 
0.8327202200889587 0.8050209283828735 0.8623935580253601 0.8602764010429382 
0.8266320824623108 0.7983298301696777 0.8570147752761841 0.8632863759994507 
0.8309282660484314 0.7997512221336365 0.8646346926689148 0.8550471663475037 
0.848497748374939 0.8086920976638794 0.8924249410629272 0.8549802899360657 
0.8200909495353699 0.7931323051452637 0.8489466309547424 0.8471332788467407 
0.8275108933448792 0.8067262768745422 0.8493949174880981 0.8584243059158325 
0.848548173904419 0.7946009635925293 0.9103540778160095 0.8484236001968384 
0.8472192883491516 0.8074735999107361 0.8910802602767944 0.8571359515190125 
0.8228645920753479 0.798734188079834 0.8484984040260315 0.8532117605209351 
0.8475804924964905 0.8081300854682922 0.8910802602767944 0.8526517152786255 
0.8590177893638611 0.8138788342475891 0.9094576239585876 0.8593364357948303 
0.8578701615333557 0.8143374919891357 0.9063200354576111 0.8632768988609314 
0.8249258399009705 0.782468855381012 0.8722546100616455 0.8467394709587097 
0.8536275029182434 0.8103101253509521 0.9018377661705017 0.8549715876579285 
0.8533445596694946 0.8062201142311096 0.9063200354576111 0.8494613766670227 
0.8544223308563232 0.8092184662818909 0.9049753546714783 0.8579890727996826 
0.8510010242462158 0.8031026124954224 0.9049753546714783 0.853672981262207 
0.8492230176925659 0.7988936901092529 0.9063200354576111 0.8540700674057007 
0.8576263785362244 0.8120993375778198 0.9085611701011658 0.8634962439537048 
0.8568398952484131 0.8132045269012451 0.9054235816001892 0.8571372032165527 
0.8484076261520386 0.8059701323509216 0.8955625295639038 0.8602662086486816 
0.8564178347587585 0.810648500919342 0.9076647162437439 0.8652169704437256 
0.8510010242462158 0.8031026124954224 0.9049753546714783 0.8520806431770325 
0.8473650813102722 0.7969984412193298 0.9045271277427673 0.8512369394302368 
0.849397599697113 0.8167149424552917 0.8848050236701965 0.8618684411048889 
0.8494827747344971 0.8028730750083923 0.9018377661705017 0.8567523956298828 
0.8306416273117065 0.8094428181648254 0.8529807329177856 0.8504459857940674 
0.8506806492805481 0.7983490824699402 0.9103540778160095 0.8508211970329285 
0.8235549926757812 0.7992408275604248 0.8493949174880981 0.8484366536140442 
0.850627601146698 0.7975676655769348 0.9112505316734314 0.8590447902679443 
0.8542947769165039 0.8107890486717224 0.9027342200279236 0.8529541492462158 
0.8525559902191162 0.8062325119972229 0.9045271277427673 0.857527494430542 
0.8549036383628845 0.810441792011261 0.9045271277427673 0.8592374920845032 
0.8593882918357849 0.8167137503623962 0.906768262386322 0.8651816248893738 
0.8529907464981079 0.8045291900634766 0.9076647162437439 0.8583791255950928 
0.844379186630249 0.7934568524360657 0.9022859930992126 0.8507518768310547 
