0.7259036302566528 0.6602739691734314 0.8060200810432434 0.7185283899307251 
0.7372479438781738 0.6622269749641418 0.8314381241798401 0.7248817682266235 
0.732585608959198 0.6555731892585754 0.8301003575325012 0.7184215188026428 
0.7374773621559143 0.6717976927757263 0.8173912763595581 0.7366266846656799 
0.736629068851471 0.6486761569976807 0.852173924446106 0.7193567752838135 
0.7246292233467102 0.6409465074539185 0.8334448337554932 0.7067269682884216 
0.7402326464653015 0.6679224967956543 0.8301003575325012 0.731804609298706 
0.7343565821647644 0.6571579575538635 0.8321070075035095 0.7298318147659302 
0.7325683832168579 0.6538865566253662 0.832775890827179 0.7194089889526367 
0.6981083154678345 0.5697969794273376 0.901003360748291 0.6020498871803284 
0.7386569976806641 0.674213171005249 0.8167223930358887 0.742398202419281 
0.7308411002159119 0.6839650273323059 0.7846153974533081 0.7331855893135071 
0.7397913336753845 0.6672043204307556 0.8301003575325012 0.7341434359550476 
0.7495418190956116 0.6897132992744446 0.8207358121871948 0.744027853012085 
0.7460890412330627 0.6779661178588867 0.829431414604187 0.7418604493141174 
0.7520485520362854 0.6883333325386047 0.8287625312805176 0.7485141754150391 
0.7510027885437012 0.6970217823982239 0.8140468001365662 0.7468218207359314 
0.7502270936965942 0.685287594795227 0.8287625312805176 0.7400351166725159 
0.7303679585456848 0.6194690465927124 0.8896321058273315 0.704288125038147 
0.7521778345108032 0.6826608777046204 0.8374581933021545 0.7509322762489319 
0.7471333742141724 0.680593729019165 0.8280936479568481 0.7464789152145386 
0.7518979907035828 0.6885428428649902 0.8280936479568481 0.7485620975494385 
0.758173942565918 0.7034916877746582 0.8220735788345337 0.7556460499763489 
0.7525053024291992 0.6890990138053894 0.8287625312805176 0.7523967027664185 
0.7604135870933533 0.6809523701667786 0.8608695864677429 0.7589002847671509 
0.7535703182220459 0.6904231905937195 0.829431414604187 0.7529589533805847 
0.7534204721450806 0.6906354427337646 0.8287625312805176 0.7494864463806152 
0.7561643719673157 0.6938547492027283 0.8307692408561707 0.7576457262039185 
0.76936936378479 0.6980926394462585 0.8568561673164368 0.7778707146644592 
0.762477457523346 0.6925177574157715 0.8481605648994446 0.7594423294067383 
0.756955087184906 0.6970720887184143 0.8280936479568481 0.7609518766403198 
0.756887674331665 0.6913716793060303 0.8361204266548157 0.7585548162460327 
0.757317066192627 0.6957983374595642 0.8307692408561707 0.7646324038505554 
0.7537199854850769 0.6902113556861877 0.8301003575325012 0.7560665011405945 
0.7213728427886963 0.6760233640670776 0.7732441425323486 0.7310298085212708 
0.7513778209686279 0.692828893661499 0.8207358121871948 0.7578473091125488 
0.754306435585022 0.6879823803901672 0.834782600402832 0.7576443552970886 
0.760762631893158 0.7040410041809082 0.8274247646331787 0.7714531421661377 
0.7581979632377625 0.6996606588363647 0.8274247646331787 0.7637892365455627 
0.7626861333847046 0.698775053024292 0.8394649028778076 0.7674610018730164 
0.7591686844825745 0.6989307999610901 0.8307692408561707 0.7628939151763916 
0.7580547332763672 0.6947075128555298 0.8341137170791626 0.7503965497016907 
0.7515188455581665 0.6883695125579834 0.8274247646331787 0.7514810562133789 
0.7581270337104797 0.6840689182281494 0.8501672148704529 0.7562441229820251 
0.7526363134384155 0.6847587823867798 0.8354514837265015 0.7415849566459656 
0.7572815418243408 0.6929483413696289 0.834782600402832 0.7458974123001099 
0.757631242275238 0.6967995762825012 0.8301003575325012 0.7565537095069885 
0.760145366191864 0.6945213079452515 0.8394649028778076 0.753625750541687 
0.7616155743598938 0.697441577911377 0.8387959599494934 0.7625205516815186 
0.7529904246330261 0.6809086203575134 0.8421404957771301 0.7441747188568115 
0.7553126811981201 0.6914952993392944 0.8321070075035095 0.7556828260421753 
0.7633354067802429 0.7045840620994568 0.832775890827179 0.7615950703620911 
0.7560902237892151 0.6868852376937866 0.8408026695251465 0.7548942565917969 
0.7548754811286926 0.6844395995140076 0.8414715528488159 0.7469726204872131 
0.7586837410926819 0.6966983675956726 0.832775890827179 0.7535257935523987 
0.7484370470046997 0.67435622215271 0.8408026695251465 0.7378257513046265 
0.7580987215042114 0.6924778819084167 0.8374581933021545 0.7549761533737183 
0.7130756974220276 0.5900131464004517 0.901003360748291 0.6246238946914673 
0.753929853439331 0.6878102421760559 0.8341137170791626 0.753446638584137 
0.7428571581840515 0.6807799339294434 0.8173912763595581 0.7394362688064575 
0.7518751621246338 0.6817192435264587 0.838127076625824 0.7436925768852234 
0.75 0.6782044172286987 0.8387959599494934 0.7461278438568115 
0.7683823704719543 0.7088750600814819 0.8387959599494934 0.7780233025550842 
0.7585373520851135 0.6918412446975708 0.8394649028778076 0.7636001110076904 
0.7601810097694397 0.692307710647583 0.8428093791007996 0.7544004917144775 
0.7638804316520691 0.7021872997283936 0.8374581933021545 0.7605816721916199 
0.7532933950424194 0.6818428039550781 0.8414715528488159 0.7532915472984314 
0.755232036113739 0.6908990144729614 0.832775890827179 0.7511515617370605 
