0.7383535504341125 0.7059182524681091 0.7739130258560181 0.7770940065383911 
0.6846737265586853 0.6266666650772095 0.7545150518417358 0.783053457736969 
0.7611567378044128 0.8162328004837036 0.7130434513092041 0.7999107241630554 
0.7790432572364807 0.7585551142692566 0.8006688952445984 0.810486912727356 
0.766603410243988 0.7270545959472656 0.8107023239135742 0.8200753927230835 
0.7580007314682007 0.8195956349372864 0.7050167322158813 0.8630241751670837 
0.7213622331619263 0.8558310270309448 0.6234113574028015 0.8366483449935913 
0.8052458763122559 0.7897105813026428 0.8214046955108643 0.8728571534156799 
0.7603766918182373 0.794460654258728 0.7290970087051392 0.8449292778968811 
0.8042148351669312 0.8175535798072815 0.791304349899292 0.8666746616363525 
0.760765552520752 0.6879394054412842 0.8508360981941223 0.828242838382721 
0.7666666507720947 0.7008309960365295 0.8461538553237915 0.8220816254615784 
0.8086691498756409 0.8189300298690796 0.7986621856689453 0.8651583194732666 
0.785314679145813 0.8227106332778931 0.7511705756187439 0.8354044556617737 
0.7532561421394348 0.8203309774398804 0.6963210701942444 0.8496749997138977 
0.7471808195114136 0.8189792633056641 0.686956524848938 0.8590577244758606 
0.7272727489471436 0.7494677305221558 0.7063544988632202 0.8024599552154541 
0.8167343139648438 0.7658079862594604 0.8749163746833801 0.8825935125350952 
0.8124199509620667 0.7790055274963379 0.848829448223114 0.8693177103996277 
0.812736451625824 0.7686344385147095 0.8622073531150818 0.8764557242393494 
0.804701030254364 0.832617998123169 0.7785953283309937 0.8764926791191101 
0.5842596888542175 0.8713527917861938 0.43946489691734314 0.850667417049408 
0.839867115020752 0.8343234062194824 0.8454849720001221 0.9045392870903015 
0.811385452747345 0.8325123190879822 0.791304349899292 0.8792353868484497 
0.8250847458839417 0.8364261388778687 0.8140468001365662 0.902280330657959 
0.8271320462226868 0.8145266175270081 0.840133786201477 0.8888939023017883 
0.8264026641845703 0.8156352043151855 0.8374581933021545 0.8860347867012024 
0.8076009750366211 0.8195592164993286 0.7959865927696228 0.8803572654724121 
0.8176431655883789 0.8049254417419434 0.8307692408561707 0.8826507329940796 
0.8106228113174438 0.7685851454734802 0.857525110244751 0.8628619909286499 
0.8108461499214172 0.7924648523330688 0.8301003575325012 0.8732835650444031 
0.8307788372039795 0.7802585363388062 0.8882943391799927 0.8929719924926758 
0.8251473307609558 0.8082103729248047 0.8428093791007996 0.8944422006607056 
0.8434128761291504 0.8248081803321838 0.8628762364387512 0.8970155119895935 
0.8324775099754333 0.800123393535614 0.8675585389137268 0.8880488276481628 
0.8149619102478027 0.806684136390686 0.8234113454818726 0.8781470060348511 
0.8236028552055359 0.7722482681274414 0.8822742700576782 0.8908392786979675 
0.8438107371330261 0.8183532357215881 0.8709030151367188 0.906884491443634 
0.8352668285369873 0.8278580904006958 0.8428093791007996 0.898646354675293 
0.7989967465400696 0.8603395223617554 0.7458193898200989 0.9037706851959229 
0.7816711664199829 0.787508487701416 0.7759197354316711 0.848979115486145 
0.8313055038452148 0.8175938129425049 0.8454849720001221 0.8820044994354248 
0.8376068472862244 0.8235294222831726 0.852173924446106 0.8798316121101379 
0.8416988253593445 0.8109113574028015 0.8749163746833801 0.8909222483634949 
0.8321512937545776 0.8403819799423218 0.8240802884101868 0.8826292753219604 
0.8230504393577576 0.7738515734672546 0.8789297938346863 0.8791561722755432 
0.8169459104537964 0.7745803594589233 0.8642140626907349 0.8635824918746948 
0.8268839120864868 0.8394210934638977 0.8147157430648804 0.8820149302482605 
0.8420361280441284 0.8270967602729797 0.857525110244751 0.8836829662322998 
0.8479785919189453 0.8471295237541199 0.848829448223114 0.8984301090240479 
0.8456420302391052 0.841164767742157 0.8501672148704529 0.8929864168167114 
0.8356449604034424 0.8675305843353271 0.8060200810432434 0.9050690531730652 
0.8551814556121826 0.8363171219825745 0.8749163746833801 0.9039783477783203 
0.8444738388061523 0.835625410079956 0.8535116910934448 0.9008761048316956 
0.8261744976043701 0.8289562463760376 0.8234113454818726 0.8885898590087891 
0.8244589567184448 0.8474576473236084 0.8026756048202515 0.8951634168624878 
0.8480108976364136 0.8623789548873901 0.8341137170791626 0.9030751585960388 
0.8580901622772217 0.8507561087608337 0.8655518293380737 0.9018738269805908 
0.8284834027290344 0.8485273718833923 0.8093645572662354 0.8921152353286743 
0.8393285274505615 0.8602527976036072 0.8193979859352112 0.9060845375061035 
0.832425057888031 0.8480222225189209 0.8173912763595581 0.8928828239440918 
0.846829891204834 0.7977527976036072 0.9023411273956299 0.8932703733444214 
0.8390766382217407 0.8393574357032776 0.8387959599494934 0.8854703307151794 
0.8312519788742065 0.7972972989082336 0.8682274222373962 0.8832110166549683 
0.8247631788253784 0.8343600034713745 0.8153846263885498 0.9011357426643372 
0.8462305068969727 0.8403694033622742 0.852173924446106 0.9039044380187988 
0.8475589752197266 0.8416886329650879 0.8535116910934448 0.9025800228118896 
0.8491436243057251 0.836469829082489 0.8622073531150818 0.9052651524543762 
