0.6867545247077942 0.6469544768333435 0.7317726016044617 0.7005538940429688 
0.743198812007904 0.6718918681144714 0.8314381241798401 0.7367170453071594 
0.733668327331543 0.6573092937469482 0.8301003575325012 0.7357672452926636 
0.7290379405021667 0.6507353186607361 0.8287625312805176 0.7173617482185364 
0.7427745461463928 0.6539440155029297 0.8595317602157593 0.7236372828483582 
0.7369668483734131 0.6613503694534302 0.8321070075035095 0.7368547916412354 
0.7527405619621277 0.6908887624740601 0.8267558813095093 0.756196916103363 
0.7469228506088257 0.6775599122047424 0.8321070075035095 0.7386566996574402 
0.7337642312049866 0.6795895099639893 0.7973244190216064 0.7299455404281616 
0.7491679191589355 0.6839779019355774 0.8280936479568481 0.7477303147315979 
0.746051013469696 0.6833611726760864 0.8214046955108643 0.7484931349754333 
0.7532467246055603 0.6624365448951721 0.8729097247123718 0.7679106593132019 
0.743675708770752 0.6830906867980957 0.8160535097122192 0.7503998875617981 
0.7567897439002991 0.6958473920822144 0.829431414604187 0.7569615840911865 
0.7461515069007874 0.6798679828643799 0.8267558813095093 0.7396655678749084 
0.7390263080596924 0.6135159134864807 0.9290969967842102 0.7039905190467834 
0.7678410410881042 0.6982475519180298 0.8528428077697754 0.7707542777061462 
0.7558814287185669 0.6957255601882935 0.8274247646331787 0.7469043731689453 
0.7441441416740417 0.675204336643219 0.8287625312805176 0.7164143323898315 
0.7516262531280518 0.6735559105873108 0.8501672148704529 0.7409776449203491 
0.7482410669326782 0.6894024610519409 0.8180602192878723 0.7244596481323242 
0.7546490430831909 0.68406742811203 0.8414715528488159 0.7503891587257385 
0.7171470522880554 0.5648326277732849 0.9819397926330566 0.5361217260360718 
0.7555293440818787 0.675632894039154 0.8568561673164368 0.7495554089546204 
0.7350480556488037 0.6847575306892395 0.7933110594749451 0.7434574365615845 
0.7469154596328735 0.6788840293884277 0.8301003575325012 0.7535168528556824 
0.7518933415412903 0.6871539354324341 0.8301003575325012 0.752874493598938 
0.7492392063140869 0.6873255372047424 0.8234113454818726 0.7450648546218872 
0.7600732445716858 0.6990454792976379 0.832775890827179 0.7575430274009705 
0.751742959022522 0.6873614192008972 0.829431414604187 0.7415831685066223 
0.7596241235733032 0.6945676207542419 0.838127076625824 0.7717484831809998 
0.7325617671012878 0.6880140900611877 0.7832775712013245 0.7462859749794006 
0.735285222530365 0.669966995716095 0.8147157430648804 0.7517528533935547 
0.7591861486434937 0.6952168941497803 0.8361204266548157 0.7700746059417725 
0.7554216980934143 0.6871232986450195 0.8387959599494934 0.7692343592643738 
0.7558348178863525 0.683811604976654 0.8448160290718079 0.7726873159408569 
0.75864177942276 0.6989853382110596 0.829431414604187 0.7764405608177185 
0.7566105723381042 0.6868521571159363 0.8421404957771301 0.7671366333961487 
0.7643467783927917 0.702975869178772 0.8374581933021545 0.7691173553466797 
0.750595211982727 0.6761394143104553 0.843478262424469 0.7611899375915527 
0.7556629180908203 0.6888766288757324 0.8367893099784851 0.7663010954856873 
0.768524169921875 0.7086392045021057 0.8394649028778076 0.7753787636756897 
0.7543805837631226 0.6979522109031677 0.8207358121871948 0.7498291730880737 
0.764366090297699 0.7006688714027405 0.8408026695251465 0.7596577405929565 
0.7592425346374512 0.6894105076789856 0.8448160290718079 0.7697324752807617 
0.7514758110046387 0.6724775433540344 0.8515050411224365 0.7633464932441711 
0.7389864921569824 0.5966283082962036 0.9705685377120972 0.6094059944152832 
0.7619628310203552 0.6998879909515381 0.8361204266548157 0.7815757989883423 
0.7611193060874939 0.6800000071525574 0.8642140626907349 0.7676742076873779 
0.7677554488182068 0.6954397559165955 0.8568561673164368 0.7675847411155701 
0.7135100364685059 0.682762861251831 0.7471572160720825 0.7703617811203003 
0.7385841012001038 0.6815611124038696 0.8060200810432434 0.7590159177780151 
0.7566917538642883 0.6874316930770874 0.8414715528488159 0.7745200395584106 
0.7606303691864014 0.6846895217895508 0.8555184006690979 0.7510283589363098 
0.7770511507987976 0.699304461479187 0.8742474913597107 0.782654345035553 
0.7568222880363464 0.6921796798706055 0.834782600402832 0.757900059223175 
0.75208580493927 0.678130030632019 0.8441471457481384 0.7569465637207031 
0.7600721716880798 0.6903331279754639 0.8454849720001221 0.7740317583084106 
0.7635600566864014 0.6916395425796509 0.852173924446106 0.7601823210716248 
0.7565632462501526 0.6828217506408691 0.8481605648994446 0.7489169239997864 
0.7652848362922668 0.6905274391174316 0.8581939935684204 0.7640632390975952 
0.7524038553237915 0.683033287525177 0.8374581933021545 0.7460247278213501 
0.7595088481903076 0.687635600566864 0.8481605648994446 0.7580649852752686 
0.7701492309570312 0.6954177618026733 0.8628762364387512 0.7632125020027161 
0.7716771960258484 0.6996735334396362 0.8602006435394287 0.7681840658187866 
0.7612121105194092 0.6958448886871338 0.840133786201477 0.7689006328582764 
0.7586416006088257 0.6938436031341553 0.8367893099784851 0.7475525140762329 
0.7615571618080139 0.6982710361480713 0.8374581933021545 0.7790870666503906 
