0.7883169651031494 0.6943454146385193 0.9117056727409363 0.8491474986076355 
0.6814695000648499 0.8594704866409302 0.5645484924316406 0.8543137311935425 
0.5506691932678223 0.6428571343421936 0.4816053509712219 0.6950989365577698 
0.7684698700904846 0.7143678069114685 0.8314381241798401 0.8435757160186768 
0.7839999794960022 0.7259259223937988 0.852173924446106 0.857398271560669 
0.6156631708145142 0.9523809552192688 0.454849511384964 0.8628648519515991 
0.7989323735237122 0.7176344990730286 0.901003360748291 0.8628196120262146 
0.6702974438667297 0.8968609571456909 0.5351170301437378 0.8689255714416504 
0.750857949256897 0.7709654569625854 0.7317726016044617 0.8656943440437317 
0.7217817902565002 0.8284229040145874 0.6394648551940918 0.8698918223381042 
0.7991334199905396 0.7436636090278625 0.8635451793670654 0.8759723901748657 
0.7863829731941223 0.682758629322052 0.9270902872085571 0.8588776588439941 
0.7939940094947815 0.7204359769821167 0.8842809200286865 0.8628156185150146 
0.803699254989624 0.7253634929656982 0.901003360748291 0.8698170781135559 
0.7357247471809387 0.8124494552612305 0.6722407937049866 0.8729258179664612 
0.7549054622650146 0.8088685274124146 0.7076923251152039 0.8719372749328613 
0.8009904026985168 0.7453917264938354 0.8655518293380737 0.8769437074661255 
0.6098450422286987 0.9570815563201904 0.4474916458129883 0.8772931098937988 
0.8110543489456177 0.7360959649085999 0.9030100107192993 0.8771969079971313 
0.8057247400283813 0.7395192980766296 0.884949803352356 0.8765221834182739 
0.7985633015632629 0.7226435542106628 0.892307698726654 0.8659446239471436 
0.7896789908409119 0.7159956693649292 0.8802675604820251 0.8641113042831421 
0.7620041966438293 0.7940536737442017 0.7324414849281311 0.8722795248031616 
0.7862595319747925 0.749545156955719 0.8267558813095093 0.8753681182861328 
0.7653455138206482 0.8045722842216492 0.7297658920288086 0.8659487366676331 
0.7668116688728333 0.7670682668685913 0.7665551900863647 0.873635470867157 
0.7086118459701538 0.8597328066825867 0.6026755571365356 0.876719057559967 
0.7877447605133057 0.7462597489356995 0.8341137170791626 0.868635892868042 
0.7551233172416687 0.785404622554779 0.7270902991294861 0.8701786994934082 
0.7913584113121033 0.7096602916717529 0.8943144083023071 0.8592463731765747 
0.7735351920127869 0.7615035772323608 0.785953164100647 0.8726755380630493 
0.7623693346977234 0.7956363558769226 0.7317726016044617 0.8799735903739929 
0.7936404943466187 0.7706364393234253 0.8180602192878723 0.8746479749679565 
0.774371325969696 0.7982954382896423 0.7518394589424133 0.87800133228302 
0.7799461483955383 0.7846987247467041 0.7752508521080017 0.8763112425804138 
0.798663854598999 0.7313681840896606 0.8795986771583557 0.8687139749526978 
0.7719638347625732 0.7464085221290588 0.7993311285972595 0.864721417427063 
0.7891156673431396 0.7650753855705261 0.8147157430648804 0.8712891340255737 
0.704852819442749 0.8694798946380615 0.5926421284675598 0.8701643943786621 
0.7970065474510193 0.7464953064918518 0.8548495173454285 0.8691092133522034 
0.7734119296073914 0.7575368881225586 0.7899665832519531 0.862240195274353 
0.7965506315231323 0.7622249126434326 0.8341137170791626 0.8703486919403076 
0.7827814817428589 0.775081992149353 0.7906354665756226 0.8653806447982788 
0.7936809062957764 0.7520958185195923 0.840133786201477 0.8694189786911011 
0.7618728876113892 0.7618728876113892 0.7618728876113892 0.8588274717330933 
0.786335825920105 0.7587064504623413 0.8160535097122192 0.8715450763702393 
0.7779578566551208 0.7547169923782349 0.8026756048202515 0.8678589463233948 
0.761500358581543 0.8084146976470947 0.7197324633598328 0.8753463625907898 
0.7818588018417358 0.7481662631034851 0.8187291026115417 0.8716886639595032 
0.7722058296203613 0.7570694088935852 0.7879598736763 0.870358943939209 
0.7931571006774902 0.7412790656089783 0.8528428077697754 0.873038649559021 
0.7691811919212341 0.7423771023750305 0.7979933023452759 0.8731002807617188 
0.7384960651397705 0.8378607630729675 0.6602006554603577 0.8695623874664307 
0.7607816457748413 0.7664629817008972 0.7551839351654053 0.8518049716949463 
0.6800334453582764 0.9054505228996277 0.544481635093689 0.8729815483093262 
0.7711244225502014 0.7670416831970215 0.7752508521080017 0.8731023073196411 
0.7528571486473083 0.807662844657898 0.7050167322158813 0.8692866563796997 
0.7817385792732239 0.7339988350868225 0.8361204266548157 0.862353503704071 
0.7797484397888184 0.7528020143508911 0.8086956739425659 0.8704204559326172 
0.7398998141288757 0.7386666536331177 0.7411371469497681 0.8368338346481323 
0.7538036108016968 0.7802433967590332 0.7290970087051392 0.8528911471366882 
0.726212203502655 0.7980769276618958 0.6662207245826721 0.8500320911407471 
0.778761088848114 0.7381665706634521 0.8240802884101868 0.8587170839309692 
0.7748104333877563 0.7639791965484619 0.785953164100647 0.8673211336135864 
0.7642975449562073 0.7555555701255798 0.7732441425323486 0.8582484126091003 
0.7691330313682556 0.7321644425392151 0.8100334405899048 0.8556029796600342 
0.786769449710846 0.7566398978233337 0.8193979859352112 0.8678687810897827 
0.7313988208770752 0.8239731788635254 0.6575250625610352 0.8650503158569336 
