0.6399999856948853 0.7547169923782349 0.5555555820465088 0.7964892387390137 
0.8205128312110901 0.761904776096344 0.8888888955116272 0.8946759104728699 
0.8510638475418091 0.8695651888847351 0.8333333134651184 0.8987268209457397 
0.8857142925262451 0.9117646813392639 0.8611111044883728 0.9311342239379883 
0.8148148059844971 0.8730158805847168 0.7638888955116272 0.8809798955917358 
0.8549618124961853 0.9491525292396545 0.7777777910232544 0.9023920297622681 
0.8888888955116272 0.9523809552192688 0.8333333134651184 0.9077932238578796 
0.8888888955116272 0.9523809552192688 0.8333333134651184 0.9076002836227417 
0.89552241563797 0.9677419066429138 0.8333333134651184 0.9332560896873474 
0.828125 0.9464285969734192 0.7361111044883728 0.8975694179534912 
0.902255654335022 0.9836065769195557 0.8333333134651184 0.9288195371627808 
0.8571428656578064 0.9344262480735779 0.7916666865348816 0.9155092835426331 
0.8740741014480591 0.9365079402923584 0.8194444179534912 0.8898533582687378 
0.8461538553237915 0.9482758641242981 0.7638888955116272 0.8944830298423767 
0.8805969953536987 0.9516128897666931 0.8194444179534912 0.9276620149612427 
0.8799999952316284 0.8461538553237915 0.9166666865348816 0.9492669105529785 
0.8689655065536499 0.8630136847496033 0.875 0.9100115299224854 
0.8905109763145447 0.9384615421295166 0.8472222089767456 0.9228395223617554 
0.8656716346740723 0.9354838728904724 0.8055555820465088 0.92689049243927 
0.8776978254318237 0.9104477763175964 0.8472222089767456 0.9400076866149902 
0.8421052694320679 0.9180327653884888 0.7777777910232544 0.9249613285064697 
0.8387096524238586 1.0 0.7222222089767456 0.9141589403152466 
0.8467153310775757 0.892307698726654 0.8055555820465088 0.8898534178733826 
0.8636363744735718 0.949999988079071 0.7916666865348816 0.8850308060646057 
0.9007633328437805 1.0 0.8194444179534912 0.9172454476356506 
0.8391608595848083 0.8450704216957092 0.8333333134651184 0.8862847089767456 
0.885496199131012 0.9830508232116699 0.8055555820465088 0.9315201044082642 
0.8159999847412109 0.9622641801834106 0.7083333134651184 0.9319058060646057 
0.7933884263038635 0.9795918464660645 0.6666666865348816 0.930748462677002 
0.828125 0.9464285969734192 0.7361111044883728 0.9068287014961243 
0.859375 0.9821428656578064 0.7638888955116272 0.9295910596847534 
0.8120300769805908 0.8852459192276001 0.75 0.8852237462997437 
0.8857142925262451 0.9117646813392639 0.8611111044883728 0.9054783582687378 
0.8507462739944458 0.9193548560142517 0.7916666865348816 0.9033564329147339 
