0.7873949408531189 0.7360565662384033 0.8464317917823792 0.7879857420921326 
0.7940614819526672 0.7485005855560303 0.8455284833908081 0.8102659583091736 
0.7821067571640015 0.7193780541419983 0.8568202257156372 0.8021496534347534 
0.7965993881225586 0.7523083090782166 0.8464317917823792 0.8219109773635864 
0.7908841371536255 0.742178201675415 0.8464317917823792 0.8111491203308105 
0.7950785160064697 0.7495999932289124 0.8464317917823792 0.8143665790557861 
0.8043758273124695 0.7659313678741455 0.8468834757804871 0.8294852375984192 
0.8101101517677307 0.7763975262641907 0.8468834757804871 0.8259872794151306 
0.8121080994606018 0.7789298892021179 0.848238468170166 0.8319620490074158 
0.8128527998924255 0.782608687877655 0.8455284833908081 0.8441923260688782 
0.8217122554779053 0.8032786846160889 0.8410117626190186 0.8378492593765259 
0.8158640265464783 0.7882105112075806 0.8455284833908081 0.8381077647209167 
0.8096781373023987 0.775983452796936 0.8464317917823792 0.8192331790924072 
0.8209876418113708 0.8018949031829834 0.8410117626190186 0.840008556842804 
0.8158295154571533 0.7865828275680542 0.847335159778595 0.8377031683921814 
0.8163891434669495 0.7927659749984741 0.8414633870124817 0.8336464166641235 
0.8209511041641235 0.7973605990409851 0.8459801077842712 0.8484432697296143 
0.823399543762207 0.8052676916122437 0.8423667550086975 0.8370778560638428 
0.822207510471344 0.8025806546211243 0.8428184390068054 0.8462003469467163 
0.8165757656097412 0.7895402908325195 0.8455284833908081 0.8461869359016418 
0.82298344373703 0.8057118058204651 0.8410117626190186 0.8433438539505005 
0.8233473300933838 0.8064097166061401 0.8410117626190186 0.8458717465400696 
0.8218516707420349 0.7990614175796509 0.8459801077842712 0.8489860892295837 
0.8244879841804504 0.8044692873954773 0.8455284833908081 0.8445138931274414 
0.8236592411994934 0.805351734161377 0.8428184390068054 0.8525501489639282 
0.8356368541717529 0.7894737124443054 0.8875339031219482 0.8457497358322144 
0.8209876418113708 0.8018949031829834 0.8410117626190186 0.8487655520439148 
0.8200175762176514 0.7976088523864746 0.8437217473983765 0.846853494644165 
0.8143658638000488 0.8094600439071655 0.8193315267562866 0.8550906777381897 
0.815398097038269 0.7905004024505615 0.8419150710105896 0.8435311317443848 
0.8247240781784058 0.8065630197525024 0.8437217473983765 0.8503090143203735 
0.81988126039505 0.7989712953567505 0.8419150710105896 0.8489425182342529 
0.8182616233825684 0.7959009408950806 0.8419150710105896 0.8432580232620239 
0.827081024646759 0.81318199634552 0.8414633870124817 0.8508530855178833 
0.809851348400116 0.7959005832672119 0.8242999315261841 0.8391022682189941 
0.8172277808189392 0.7919491529464722 0.8441734313964844 0.8465250730514526 
0.8506632447242737 0.8081300854682922 0.8979223370552063 0.854095458984375 
0.82654869556427 0.8100607395172119 0.8437217473983765 0.854671061038971 
0.8218756914138794 0.7999144792556763 0.8450767993927002 0.8542667627334595 
0.8421499729156494 0.7950260639190674 0.8952122926712036 0.8490563631057739 
0.8453961610794067 0.8037459254264832 0.8915989398956299 0.8499517440795898 
0.8508168458938599 0.8117309212684631 0.8938573002815247 0.8525115847587585 
0.8474137783050537 0.8103874921798706 0.8879855275154114 0.8592272996902466 
0.8380952477455139 0.8046550154685974 0.8744354248046875 0.851509153842926 
0.8396366238594055 0.7888050675392151 0.8974706530570984 0.8457890748977661 
0.7970095276832581 0.7995454668998718 0.7944896221160889 0.8462799787521362 
0.8172757625579834 0.8018252849578857 0.8333333134651184 0.848507821559906 
0.846835196018219 0.8115941882133484 0.8852755427360535 0.8525134325027466 
0.8468776941299438 0.8042241930961609 0.8943089246749878 0.8561843633651733 
0.8486785888671875 0.8034705519676208 0.8992773294448853 0.8563309907913208 
0.8483432531356812 0.8007217049598694 0.9019873738288879 0.8606488704681396 
0.8469495177268982 0.7950851917266846 0.9060524106025696 0.8565092086791992 
0.8437172174453735 0.7877007722854614 0.9083107709884644 0.8518786430358887 
0.8486509323120117 0.7956521511077881 0.9092140793800354 0.8541794419288635 
0.851417601108551 0.8062171936035156 0.9019873738288879 0.8597081303596497 
0.8470141291618347 0.7948514819145203 0.9065040946006775 0.8613667488098145 
0.827876091003418 0.8113616704940796 0.8450767993927002 0.855627179145813 
0.8613925576210022 0.8239175081253052 0.9024389982223511 0.8668369650840759 
0.8526472449302673 0.805544376373291 0.9056007266044617 0.864097535610199 
0.8437889218330383 0.7811538577079773 0.9173441529273987 0.8593088388442993 
0.8516868352890015 0.8031212687492371 0.9065040946006775 0.8594940900802612 
0.8458130955696106 0.7934309244155884 0.9056007266044617 0.8491004705429077 
0.8425865173339844 0.8133669495582581 0.8739837408065796 0.8542473316192627 
0.8516156673431396 0.8044176697731018 0.9046973586082458 0.8522282838821411 
0.8584240674972534 0.8140947818756104 0.9078590869903564 0.8613003492355347 
0.846831738948822 0.7907523512840271 0.9114724397659302 0.8546062707901001 
0.8208017349243164 0.7888379693031311 0.8554652333259583 0.8448625802993774 
0.8546236753463745 0.8156814575195312 0.8974706530570984 0.8679048418998718 
0.8355460166931152 0.7943810820579529 0.8812105059623718 0.8501562476158142 
0.8371187448501587 0.8032378554344177 0.8739837408065796 0.8578528165817261 
0.8273270130157471 0.810307502746582 0.8450767993927002 0.8602720499038696 
0.8437433242797852 0.7989503145217896 0.8938573002815247 0.847353994846344 
0.8320977091789246 0.8043844699859619 0.8617886304855347 0.8593107461929321 
0.8507747650146484 0.8025630712509155 0.9051490426063538 0.8591323494911194 
0.8460887670516968 0.7953100204467773 0.9037940502166748 0.8476899862289429 
0.8479557037353516 0.8021756410598755 0.8992773294448853 0.8497743606567383 
0.8471689820289612 0.8011271953582764 0.8988256454467773 0.8547515869140625 
0.8260678052902222 0.8058419227600098 0.847335159778595 0.8495230674743652 
0.8446131348609924 0.792012631893158 0.9046973586082458 0.8459920883178711 
0.8524450063705444 0.8084244728088379 0.90153568983078 0.8594241738319397 
