0.9217439889907837 0.9264044761657715 0.917130172252655 0.9477528929710388 
0.8842999339103699 0.9340965151786804 0.8395439386367798 0.9477952122688293 
0.9196379780769348 0.9071969985961914 0.9324249029159546 0.9599562287330627 
0.8942082524299622 0.8848353028297424 0.9037819504737854 0.9490295052528381 
0.929287314414978 0.9303233027458191 0.9282535910606384 0.9681993722915649 
0.907529890537262 0.9187802672386169 0.8965517282485962 0.956821084022522 
0.8960091471672058 0.9225331544876099 0.8709677457809448 0.9496272206306458 
0.8903809189796448 0.8776336908340454 0.9035038948059082 0.9359659552574158 
0.9113534688949585 0.9164791703224182 0.906284749507904 0.9518017768859863 
0.8963326811790466 0.9321321249008179 0.8631812930107117 0.9477440118789673 
0.9236273765563965 0.9141923189163208 0.9332591891288757 0.9588645100593567 
0.9123901128768921 0.9305956959724426 0.8948832154273987 0.9679701924324036 
0.9045153856277466 0.9365693926811218 0.8745828866958618 0.9569344520568848 
0.9262754917144775 0.9114401340484619 0.9416017532348633 0.9551628828048706 
0.9238342642784119 0.9087974429130554 0.9393770694732666 0.9535566568374634 
0.9290410876274109 0.9154967665672302 0.9429922103881836 0.9586156606674194 
0.9270833134651184 0.9140540361404419 0.9404894113540649 0.9616531729698181 
0.8363301157951355 0.9347303509712219 0.7566741108894348 0.9508577585220337 
