0.8562182188034058 0.8840095400810242 0.8301210403442383 0.916570782661438 
0.869194507598877 0.8701707124710083 0.8682205080986023 0.9105177521705627 
0.8656300902366638 0.8974975943565369 0.8359479904174805 0.9296372532844543 
0.8994594812393188 0.8688387870788574 0.9323173761367798 0.9280108213424683 
0.8999999761581421 0.8810648322105408 0.919766902923584 0.9312067031860352 
0.9032112956047058 0.9050405025482178 0.9013895392417908 0.9326009154319763 
0.9020034670829773 0.8771706819534302 0.9282832741737366 0.9328845143318176 
0.9016786813735962 0.8777589201927185 0.9269385933876038 0.9266695380210876 
0.8702872395515442 0.8714606761932373 0.8691169619560242 0.9162762761116028 
0.7276641726493835 0.9104377031326294 0.6060062646865845 0.9217601418495178 
0.8754802346229553 0.8828623294830322 0.8682205080986023 0.9301181435585022 
0.8786688446998596 0.9069656729698181 0.8520842790603638 0.9230760931968689 
0.8733153343200684 0.8752813935279846 0.8713581562042236 0.9252378344535828 
0.6168057322502136 0.9200000166893005 0.4639175236225128 0.9258389472961426 
0.8892889022827148 0.8929055333137512 0.8857014775276184 0.9274994134902954 
0.9107611775398254 0.8893635272979736 0.9332138299942017 0.9287460446357727 
0.8847631216049194 0.8443992137908936 0.9291797280311584 0.9246718287467957 
0.8903140425682068 0.8786556124687195 0.9022859930992126 0.9299143552780151 
0.8336501717567444 0.8872028589248657 0.7861945033073425 0.9150601029396057 
0.8916853666305542 0.8940964341163635 0.8892872929573059 0.9275685548782349 
0.8920606374740601 0.8877052664756775 0.8964589834213257 0.9217480421066284 
0.8604496121406555 0.8545535206794739 0.8664276003837585 0.9156907796859741 
0.8389405608177185 0.8969388008117676 0.787987470626831 0.9087814092636108 
0.8893387317657471 0.8925507664680481 0.8861497044563293 0.9255006313323975 
0.9035106897354126 0.8903394341468811 0.9170775413513184 0.9352246522903442 
0.8993528485298157 0.8955555558204651 0.9031824469566345 0.9313382506370544 
0.7990821003913879 0.9266706109046936 0.702375590801239 0.9375904202461243 
0.8871473073959351 0.8863534927368164 0.8879426121711731 0.9353995323181152 
0.8891873955726624 0.8881931900978088 0.8901837468147278 0.92772376537323 
0.8849557638168335 0.873744010925293 0.8964589834213257 0.9167029857635498 
0.9043031334877014 0.8655737638473511 0.9466606974601746 0.9249218702316284 
0.9082931280136108 0.8895573616027832 0.9278350472450256 0.9300268888473511 
0.9052819013595581 0.9002659320831299 0.9103540778160095 0.9362176656723022 
0.900908887386322 0.8912280797958374 0.9108023047447205 0.9375593662261963 
0.9051287770271301 0.8892733454704285 0.9215598106384277 0.9334163069725037 
0.8955156803131104 0.8959174752235413 0.8951143026351929 0.937362790107727 
0.9028494358062744 0.9038634300231934 0.9018377661705017 0.9408690929412842 
0.9026548862457275 0.891218900680542 0.9143881797790527 0.9383094906806946 
0.8831870555877686 0.8869801163673401 0.8794262409210205 0.9291980862617493 
0.9070747494697571 0.897717297077179 0.9166293144226074 0.9379541277885437 
0.8962896466255188 0.8938921093940735 0.8987001180648804 0.9409739971160889 
0.8801832795143127 0.9001874327659607 0.8610488772392273 0.9365226030349731 
0.9034116268157959 0.8931230902671814 0.9139399528503418 0.9357749819755554 
0.873023271560669 0.9072015285491943 0.8413267731666565 0.9351741075515747 
0.8920000195503235 0.8845306038856506 0.8995965719223022 0.9328820705413818 
0.8899909853935242 0.8952381014823914 0.8848050236701965 0.9354556798934937 
0.8914835453033447 0.9110903143882751 0.8727028369903564 0.9431003928184509 
0.8791494965553284 0.8519764542579651 0.9081129431724548 0.9292092323303223 
0.8554132580757141 0.8900193572044373 0.8233975768089294 0.9277713894844055 
0.8372647166252136 0.8936927914619446 0.7875392436981201 0.926027774810791 
0.8403198719024658 0.9145569801330566 0.7772299647331238 0.9348857998847961 
0.8863276839256287 0.8938012719154358 0.8789780139923096 0.9355469942092896 
0.8917943835258484 0.8970521688461304 0.8865979313850403 0.9374578595161438 
0.8560130000114441 0.8897485733032227 0.8247422575950623 0.9236956834793091 
0.8786206841468811 0.9018405079841614 0.8565665483474731 0.9363396167755127 
0.888535737991333 0.9001839756965637 0.8771851062774658 0.9375620484352112 
0.8138957619667053 0.9116175770759583 0.7350963950157166 0.9320828914642334 
0.8810333013534546 0.8909257650375366 0.8713581562042236 0.9340842962265015 
0.857616662979126 0.909547746181488 0.8112953901290894 0.9401836395263672 
0.8483558297157288 0.898296594619751 0.8036754727363586 0.9294891357421875 
0.8838248252868652 0.8810690641403198 0.8865979313850403 0.9297810792922974 
0.896612823009491 0.8858267664909363 0.9076647162437439 0.929786205291748 
0.8805059790611267 0.8875227570533752 0.8735992908477783 0.9286327958106995 
0.8948306441307068 0.889676570892334 0.9000447988510132 0.9329885244369507 
0.8923848867416382 0.9081206321716309 0.8771851062774658 0.9407681822776794 
0.8899843096733093 0.8897849321365356 0.8901837468147278 0.932966947555542 
0.8904293179512024 0.8884426355361938 0.8924249410629272 0.9302648901939392 
0.800000011920929 0.9044657945632935 0.7171671986579895 0.926441490650177 
0.8835414052009583 0.8951241970062256 0.8722546100616455 0.9333516955375671 
0.912612795829773 0.8966262936592102 0.9291797280311584 0.9310677647590637 
0.8973383903503418 0.8955357074737549 0.8991483449935913 0.9329999685287476 
0.8842201232910156 0.9013035297393799 0.8677722811698914 0.9238908290863037 
0.8836998343467712 0.8940367102622986 0.8735992908477783 0.9342781901359558 
0.8687339425086975 0.9052478075027466 0.8350515365600586 0.9344646334648132 
0.8505692481994629 0.9032745361328125 0.8036754727363586 0.9350910782814026 
0.8774076700210571 0.8872594237327576 0.8677722811698914 0.9249929189682007 
0.8706756234169006 0.9031791687011719 0.8404303193092346 0.9356830716133118 
0.8868054151535034 0.9052287340164185 0.8691169619560242 0.9367002844810486 
0.8780599236488342 0.8967289924621582 0.8601524233818054 0.9363160133361816 
0.8915609121322632 0.8858407139778137 0.8973554372787476 0.9291486144065857 
