0.7893761396408081 0.7300075888633728 0.8592559099197388 0.7971897125244141 
0.7849242091178894 0.7227461338043213 0.8588076829910278 0.7913020849227905 
0.7950441241264343 0.7479256987571716 0.8484984040260315 0.8100182414054871 
0.7947158813476562 0.7466509342193604 0.8493949174880981 0.7995896935462952 
0.79841548204422 0.7842628359794617 0.8130882978439331 0.8198201656341553 
0.7967925667762756 0.7527910470962524 0.8462572693824768 0.819288969039917 
0.8062379956245422 0.7702040672302246 0.8458090424537659 0.8397397994995117 
0.8242530822753906 0.8082723021507263 0.8408785462379456 0.833128035068512 
0.8028825521469116 0.7615601420402527 0.8489466309547424 0.8265212178230286 
0.8094218373298645 0.7749077677726746 0.8471537232398987 0.8360798954963684 
0.8219655752182007 0.7998303771018982 0.8453608155250549 0.8494345545768738 
0.8207690715789795 0.7963743805885315 0.8467054963111877 0.8464966416358948 
0.8220135569572449 0.8015332221984863 0.8435679078102112 0.8443978428840637 
0.8172743320465088 0.7921749949455261 0.8440161347389221 0.8261128067970276 
0.8225524425506592 0.8025586605072021 0.8435679078102112 0.8544183969497681 
0.826453447341919 0.7979966402053833 0.8570147752761841 0.8473332524299622 
0.8214753270149231 0.8005104064941406 0.8435679078102112 0.844781756401062 
0.822601854801178 0.8042826652526855 0.8417750000953674 0.8403327465057373 
0.8259626030921936 0.811149537563324 0.8413267731666565 0.8612937331199646 
0.8365685939788818 0.7828124761581421 0.8982518911361694 0.8519207239151001 
0.8223194479942322 0.8033347725868225 0.8422232270240784 0.8551521897315979 
0.8207814693450928 0.800000011920929 0.8426714539527893 0.8488657474517822 
0.8267370462417603 0.8113940358161926 0.8426714539527893 0.8600239753723145 
0.847707211971283 0.7986524105072021 0.9031824469566345 0.8550677299499512 
0.8297404050827026 0.8146868348121643 0.8453608155250549 0.8653560876846313 
0.8184387683868408 0.7947635054588318 0.8435679078102112 0.837435245513916 
0.8248143196105957 0.8044312000274658 0.8462572693824768 0.84133380651474 
0.8488691449165344 0.8032000064849854 0.9000447988510132 0.858291506767273 
0.8291611671447754 0.8127421140670776 0.8462572693824768 0.8645637631416321 
0.849725604057312 0.8029517531394958 0.9022859930992126 0.8592653870582581 
0.8495650291442871 0.8066076040267944 0.8973554372787476 0.8621732592582703 
0.819194495677948 0.7845711708068848 0.8570147752761841 0.8571969866752625 
0.8252023458480835 0.8059828877449036 0.8453608155250549 0.8541133403778076 
0.8322295546531677 0.8199217319488525 0.844912588596344 0.8603195548057556 
0.8309115171432495 0.8165296316146851 0.8458090424537659 0.8568977117538452 
0.8215063214302063 0.798561155796051 0.8458090424537659 0.8561407923698425 
0.8179259300231934 0.7910385131835938 0.8467054963111877 0.8407485485076904 
0.8281114101409912 0.804651141166687 0.8529807329177856 0.8514564633369446 
0.8246838450431824 0.8029723763465881 0.8476019501686096 0.863604724407196 
0.8466309905052185 0.8097381591796875 0.8870461583137512 0.8615346550941467 
0.8505503535270691 0.8058564066886902 0.9004930257797241 0.854034960269928 
0.8201906681060791 0.7937107086181641 0.8484984040260315 0.8514423966407776 
0.8299785852432251 0.7945879697799683 0.8686687350273132 0.8592000007629395 
0.8506616353988647 0.8003952503204346 0.9076647162437439 0.8591315746307373 
0.8232477307319641 0.8002539277076721 0.8476019501686096 0.8564707636833191 
0.849012553691864 0.8066989779472351 0.8960107564926147 0.8549180626869202 
0.8276315927505493 0.8102189898490906 0.8458090424537659 0.8578473329544067 
0.8248538374900818 0.7977386713027954 0.8538771867752075 0.8483343720436096 
0.8420153856277466 0.8039135932922363 0.8839085698127747 0.8489787578582764 
0.8568994998931885 0.8162271976470947 0.9018377661705017 0.8662282228469849 
0.8527164459228516 0.8097541332244873 0.9004930257797241 0.8659909963607788 
0.8598930239677429 0.8224222660064697 0.9009412527084351 0.8628561496734619 
0.8457583785057068 0.8100122809410095 0.8848050236701965 0.8570361733436584 
0.8491928577423096 0.8070245981216431 0.8960107564926147 0.8626527190208435 
0.8451972603797913 0.8101109862327576 0.8834603428840637 0.8524987697601318 
0.8536378741264343 0.8081697821617126 0.9045271277427673 0.8556883335113525 
0.830278217792511 0.8000831007957458 0.862841784954071 0.8549244999885559 
0.8511539101600647 0.8065810799598694 0.9009412527084351 0.8660848140716553 
0.8521886467933655 0.8066453337669373 0.9031824469566345 0.8571609258651733 
0.853034496307373 0.8074459433555603 0.9040789008140564 0.8621828556060791 
0.8502842783927917 0.8018268346786499 0.9049753546714783 0.8614518642425537 
0.8539279103279114 0.797897219657898 0.9184222221374512 0.8560577630996704 
0.8526248931884766 0.8049362897872925 0.9063200354576111 0.8651782870292664 
0.8505601286888123 0.8047999739646912 0.9018377661705017 0.8530129194259644 
0.8523063659667969 0.8072144389152527 0.9027342200279236 0.8545699119567871 
0.8506233096122742 0.8045563697814941 0.9022859930992126 0.855059802532196 
0.8507682681083679 0.8019841313362122 0.9058718085289001 0.8627454042434692 
0.8475140333175659 0.79076087474823 0.9130434989929199 0.8566319346427917 
0.8570824265480042 0.8111244440078735 0.9085611701011658 0.8666833639144897 
0.8556854128837585 0.8136621117591858 0.9022859930992126 0.8626794219017029 
0.8539373278617859 0.8090654015541077 0.9040789008140564 0.8647120594978333 
0.8541799187660217 0.8091419339179993 0.9045271277427673 0.8559477925300598 
0.8443523049354553 0.7852737307548523 0.9130434989929199 0.85499507188797 
0.8459906578063965 0.8030608296394348 0.8937696218490601 0.8504701852798462 
0.8493495583534241 0.79842209815979 0.907216489315033 0.8596015572547913 
0.8578712344169617 0.8154281377792358 0.9049753546714783 0.8600748777389526 
0.854356586933136 0.8105390071868896 0.9031824469566345 0.8560518026351929 
0.8558767437934875 0.8086124658584595 0.9090093970298767 0.8612635731697083 
0.8537715673446655 0.8055666089057922 0.9081129431724548 0.8571849465370178 
0.8500000238418579 0.8185968995094299 0.8839085698127747 0.8627779483795166 
