0.8639366030693054 0.8532289862632751 0.8749163746833801 0.889062762260437 
0.8673810958862305 0.8685445785522461 0.8662207126617432 0.8962494730949402 
0.888010561466217 0.8747566342353821 0.9016722440719604 0.9081902503967285 
0.8025147914886475 0.8974359035491943 0.7257525324821472 0.9000751972198486 
0.8975356817245483 0.8709880709648132 0.9257525205612183 0.9418656826019287 
0.8814713954925537 0.8979874849319458 0.8655518293380737 0.940742552280426 
0.8894933462142944 0.9045643210411072 0.8749163746833801 0.9471202492713928 
0.904199481010437 0.8873148560523987 0.9217391014099121 0.9497222900390625 
0.8990163803100586 0.8816720247268677 0.9170568585395813 0.9471126198768616 
0.8975288271903992 0.8844155669212341 0.9110367894172668 0.9201003909111023 
0.8427404761314392 0.8978819847106934 0.7939799427986145 0.9457228183746338 
0.898250162601471 0.8711501955986023 0.9270902872085571 0.9373065233230591 
0.8745020031929016 0.8681608438491821 0.8809364438056946 0.932945966720581 
0.9217675924301147 0.9025641083717346 0.9418060183525085 0.9590101838111877 
0.9180225133895874 0.8624338507652283 0.9812709093093872 0.9570674896240234 
0.9004926085472107 0.8845161199569702 0.9170568585395813 0.9516506195068359 
0.8983327746391296 0.8785166144371033 0.9190635681152344 0.9517160058021545 
0.8853917121887207 0.906162440776825 0.8655518293380737 0.9571633338928223 
0.8844953179359436 0.9185879230499268 0.8528428077697754 0.9595590829849243 
0.8765228986740112 0.8631647229194641 0.890300989151001 0.9446905851364136 
0.8994357585906982 0.8926218748092651 0.9063544869422913 0.9509730339050293 
0.8999002575874329 0.8948412537574768 0.9050167202949524 0.9492905735969543 
0.8921833038330078 0.898845911026001 0.8856187462806702 0.9442393183708191 
0.8951746821403503 0.8907284736633301 0.8996655344963074 0.9419096112251282 
0.9067357778549194 0.8788449764251709 0.9364548325538635 0.9545186758041382 
0.8914322853088379 0.8720409274101257 0.9117056727409363 0.930432140827179 
0.8729466795921326 0.875 0.8709030151367188 0.9071952104568481 
0.8584223389625549 0.8849431872367859 0.8334448337554932 0.9184903502464294 
0.8988468050956726 0.8857142925262451 0.9123745560646057 0.935045063495636 
0.8993421196937561 0.8847896456718445 0.9143812656402588 0.9415069818496704 
0.89952152967453 0.8597561120986938 0.9431437849998474 0.9431625604629517 
0.8955422639846802 0.8908007740974426 0.9003344774246216 0.9436657428741455 
0.9021956324577332 0.8974189162254333 0.9070234298706055 0.9535416960716248 
0.9026901125907898 0.8964380025863647 0.9090300798416138 0.9466022253036499 
0.8455402255058289 0.9231987595558167 0.7799330949783325 0.9483383893966675 
0.8948590159416199 0.887499988079071 0.9023411273956299 0.952378511428833 
0.9055851101875305 0.9001982808113098 0.9110367894172668 0.9562278389930725 
0.8441743850708008 0.9063699245452881 0.7899665832519531 0.9488911628723145 
0.8750867247581482 0.9091564416885376 0.843478262424469 0.9475290179252625 
0.9067016839981079 0.8908973336219788 0.9230769276618958 0.9540483951568604 
0.9042196869850159 0.9054325819015503 0.9030100107192993 0.9577531814575195 
0.9089709520339966 0.8965517282485962 0.9217391014099121 0.9583859443664551 
0.8894860744476318 0.8933873176574707 0.8856187462806702 0.9431037902832031 
0.9045889973640442 0.8930899500846863 0.9163879752159119 0.9573572874069214 
0.9092715382575989 0.9003278613090515 0.9183946251869202 0.9555268883705139 
0.9044502377510071 0.8853299021720886 0.9244146943092346 0.9525690078735352 
0.9033356308937073 0.919611930847168 0.8876253962516785 0.9561045169830322 
0.9033557176589966 0.90639728307724 0.9003344774246216 0.9570799469947815 
0.9051239490509033 0.8947712182998657 0.9157190918922424 0.9490137696266174 
0.8958821296691895 0.8967828154563904 0.8949832916259766 0.9512864947319031 
0.8978638052940369 0.8960692882537842 0.8996655344963074 0.939180850982666 
0.9054460525512695 0.9045394062995911 0.9063544869422913 0.9572898149490356 
0.9077075719833374 0.8979057669639587 0.9177257418632507 0.9585692882537842 
0.904809296131134 0.8973684310913086 0.9123745560646057 0.9596061110496521 
0.9137700796127319 0.9131596684455872 0.9143812656402588 0.9614751935005188 
0.9024308919906616 0.8985410928726196 0.9063544869422913 0.9453631639480591 
0.9025366902351379 0.9007328152656555 0.904347836971283 0.9341325759887695 
0.8990206122398376 0.9079126715660095 0.890300989151001 0.9515663385391235 
0.9019736647605896 0.8873786330223083 0.9170568585395813 0.944266140460968 
0.8888123631477356 0.9156028628349304 0.8635451793670654 0.9328266382217407 
0.9139248728752136 0.9081902503967285 0.9197324514389038 0.9442379474639893 
0.9106666445732117 0.9076411724090576 0.9137123823165894 0.9421142339706421 
0.904745876789093 0.9105691313743591 0.8989966511726379 0.9427832365036011 
0.9076358675956726 0.904920220375061 0.9103679060935974 0.9464306235313416 
0.903801679611206 0.8934640288352966 0.9143812656402588 0.9529043436050415 
0.9165061116218567 0.8814082741737366 0.9545150399208069 0.9550127983093262 
0.9034185409545898 0.8965744376182556 0.9103679060935974 0.9533168077468872 
0.8523054718971252 0.9234972596168518 0.791304349899292 0.9453187584877014 
