0.8693309426307678 0.982741117477417 0.7793880701065063 0.9222022294998169 
0.8564797043800354 0.8242740035057068 0.8913043737411499 0.915438175201416 
0.8613545894622803 0.852523684501648 0.8703703880310059 0.9411072134971619 
0.862480103969574 0.8516483306884766 0.8735910058021545 0.9383089542388916 
0.8736242651939392 0.8262742161750793 0.9267310500144958 0.941805362701416 
0.8363487124443054 0.8546218276023865 0.8188405632972717 0.9132124185562134 
0.8649868369102478 0.8115737438201904 0.9259259104728699 0.928078830242157 
0.8565815091133118 0.8365311026573181 0.8776167631149292 0.9307892322540283 
0.8672851920127869 0.8690379858016968 0.8655394315719604 0.940707802772522 
0.8761904835700989 0.8638497591018677 0.8888888955116272 0.9479146003723145 
0.8733727931976318 0.8561484813690186 0.8913043737411499 0.9526035785675049 
0.8749503493309021 0.8629600405693054 0.8872785568237305 0.9517641663551331 
0.8724311590194702 0.8414360284805298 0.9057971239089966 0.9480158090591431 
0.8539150953292847 0.8271698355674744 0.8824476599693298 0.923579216003418 
0.877828061580658 0.897392749786377 0.8590982556343079 0.9602266550064087 
0.8257417678833008 0.8583840131759644 0.7954911589622498 0.9213413000106812 
0.8734375238418579 0.848254919052124 0.9001610279083252 0.9025583267211914 
0.8734076619148254 0.8637795448303223 0.8832527995109558 0.9188565015792847 
0.8752428889274597 0.8459804654121399 0.9066022634506226 0.951505184173584 
0.8689602017402649 0.8356877565383911 0.9049919247627258 0.9475061893463135 
0.8695651888847351 0.8466818928718567 0.8937197923660278 0.9533413052558899 
0.8714341521263123 0.8466210961341858 0.8977455496788025 0.9435829520225525 
0.8618524074554443 0.8407350778579712 0.8840579986572266 0.8652574419975281 
0.8709428310394287 0.8372957110404968 0.9074074029922485 0.9133566617965698 
0.8728278279304504 0.856589138507843 0.8896940350532532 0.9319626688957214 
0.8752940893173218 0.853210985660553 0.8985507488250732 0.9391033053398132 
0.8645262122154236 0.8414633870124817 0.8888888955116272 0.9336439967155457 
0.8597830533981323 0.8580593466758728 0.8615136742591858 0.9094060659408569 
0.884353756904602 0.8410837054252625 0.9323173761367798 0.9249787926673889 
0.8672964572906494 0.8704289197921753 0.8641864657402039 0.9190534353256226 
0.8960759043693542 0.8633153438568115 0.9314208626747131 0.9255312085151672 
0.8918284773826599 0.8509771823883057 0.9367996454238892 0.9214669466018677 
0.8782132267951965 0.8286282420158386 0.9341102838516235 0.9148111939430237 
0.8892362713813782 0.8860703110694885 0.8924249410629272 0.9210762977600098 
0.9043904542922974 0.8993794322013855 0.9094576239585876 0.9383402466773987 
0.9090509414672852 0.8914260864257812 0.9273868203163147 0.935272753238678 
0.8950926661491394 0.8717077374458313 0.919766902923584 0.9315760135650635 
0.8336520195007324 0.8929851651191711 0.7817122340202332 0.9117069244384766 
0.8802289962768555 0.8649935126304626 0.8960107564926147 0.9247546792030334 
0.8817112445831299 0.8432896733283997 0.9238010048866272 0.9308056235313416 
0.9021181464195251 0.8975155353546143 0.906768262386322 0.9416333436965942 
0.9005141854286194 0.8983050584793091 0.9027342200279236 0.9275435209274292 
0.8945469856262207 0.8493150472640991 0.9448677897453308 0.932598888874054 
0.8979859948158264 0.8776208758354187 0.919318675994873 0.9288473725318909 
0.8873301148414612 0.8682968616485596 0.907216489315033 0.9360275864601135 
0.8804545402526855 0.893038272857666 0.8682205080986023 0.9305981397628784 
0.8922664523124695 0.8898796439170837 0.8946660757064819 0.9332000613212585 
0.9020470976829529 0.8862456679344177 0.9184222221374512 0.9272658228874207 
0.8968708515167236 0.8820979595184326 0.912147045135498 0.9316773414611816 
0.8615028858184814 0.889684796333313 0.8350515365600586 0.923949122428894 
0.8551170229911804 0.9045000076293945 0.8108471632003784 0.9326310157775879 
0.8026973009109497 0.9063733816146851 0.7203047871589661 0.9288547039031982 
0.6911723613739014 0.9125000238418579 0.5562527775764465 0.924714982509613 
0.8427466750144958 0.883104145526886 0.8059166073799133 0.918861985206604 
0.8560112118721008 0.8913149237632751 0.8233975768089294 0.9290710687637329 
0.8242779970169067 0.9078167080879211 0.7548184394836426 0.9355934858322144 
0.8941390514373779 0.906494677066803 0.8821156620979309 0.934066653251648 
0.89698326587677 0.894385039806366 0.8995965719223022 0.9311911463737488 
0.8770809769630432 0.8927576541900635 0.8619453310966492 0.9267772436141968 
0.8749136328697205 0.8999999761581421 0.8511878252029419 0.9365399479866028 
0.8842729926109314 0.9009302258491516 0.8682205080986023 0.9397864937782288 
0.8784403800964355 0.899483323097229 0.8583594560623169 0.9342217445373535 
0.8677590489387512 0.8943862915039062 0.8426714539527893 0.9300860166549683 
0.8955957889556885 0.8933987617492676 0.8978036642074585 0.9258068799972534 
0.8982170820236206 0.9045454263687134 0.8919767141342163 0.9385850429534912 
0.9016829133033752 0.8910284638404846 0.912595272064209 0.9369656443595886 
0.8938401341438293 0.8717511892318726 0.9170775413513184 0.9282590746879578 
0.8947486281394958 0.8921568393707275 0.8973554372787476 0.9350354671478271 
0.9042670726776123 0.8922338485717773 0.9166293144226074 0.9338153600692749 
0.8997326493263245 0.8945502638816833 0.9049753546714783 0.9340217709541321 
0.9038031101226807 0.9021884799003601 0.9054235816001892 0.9394025802612305 
0.8029233813285828 0.9170984625816345 0.7140296101570129 0.9328469634056091 
0.8700696229934692 0.901875913143158 0.8404303193092346 0.934962272644043 
0.8889879584312439 0.8842571973800659 0.8937696218490601 0.9349823594093323 
0.8908435106277466 0.8965047597885132 0.8852532505989075 0.9371004104614258 
0.9035690426826477 0.8938596248626709 0.9134917259216309 0.9373772740364075 
0.8882808685302734 0.9039443135261536 0.8731510639190674 0.9429085850715637 
0.8813096880912781 0.8943239450454712 0.8686687350273132 0.9374346733093262 
0.9037372469902039 0.9134615659713745 0.894217848777771 0.9395139217376709 
0.8725512623786926 0.8980075716972351 0.8484984040260315 0.9326402544975281 
0.8884963393211365 0.8755439519882202 0.9018377661705017 0.9283711314201355 
0.8779029846191406 0.9013220071792603 0.8556700944900513 0.93946772813797 
0.8628098964691162 0.9116766452789307 0.8189153075218201 0.9382951259613037 
0.8806108236312866 0.9100908637046814 0.8529807329177856 0.9371995329856873 
0.8840351104736328 0.8882352709770203 0.8798744678497314 0.9358150959014893 
0.8920570015907288 0.900822639465332 0.8834603428840637 0.9432557821273804 
0.8684759736061096 0.8999999761581421 0.8390856385231018 0.942105770111084 
0.8807550668716431 0.9053478240966797 0.857463002204895 0.9366873502731323 
0.8857733607292175 0.9089622497558594 0.8637382388114929 0.9396237730979919 
0.8918734192848206 0.9061054587364197 0.8780815601348877 0.9355506896972656 
0.8504762053489685 0.9070594310760498 0.8005378842353821 0.9368933439254761 
0.8786285519599915 0.8964552283287048 0.8614971041679382 0.9385894536972046 
0.7964194416999817 0.9273377060890198 0.6978933215141296 0.9331713914871216 
0.8454740643501282 0.9049080014228821 0.7933661937713623 0.9299424886703491 
0.8612462282180786 0.8911792635917664 0.8332586288452148 0.9251931309700012 
0.8647018074989319 0.8965351581573486 0.8350515365600586 0.9318670034408569 
0.8651184439659119 0.9074802994728088 0.826535165309906 0.9304554462432861 
0.8662301301956177 0.9056234955787659 0.8301210403442383 0.9371981620788574 
0.8957581520080566 0.9018628001213074 0.8897355198860168 0.9381157755851746 
0.8800180554389954 0.8856105208396912 0.8744957447052002 0.9337479472160339 
0.8042250275611877 0.8896738886833191 0.733751654624939 0.925790548324585 
0.8933483362197876 0.8988203406333923 0.8879426121711731 0.941002607345581 
0.895576000213623 0.8973897099494934 0.8937696218490601 0.9423267245292664 
0.8914362788200378 0.8940486907958984 0.888839066028595 0.9404114484786987 
0.8813559412956238 0.9011709690093994 0.8623935580253601 0.942786693572998 
0.8652909994125366 0.8962535858154297 0.8363962173461914 0.9351083636283875 
0.8818789124488831 0.9067234992980957 0.8583594560623169 0.9407792091369629 
0.8870894908905029 0.8902934789657593 0.8839085698127747 0.9383906722068787 
