0.616906464099884 0.9410150647163391 0.45886287093162537 0.8567553162574768 
0.6073203682899475 0.9359331727027893 0.44949832558631897 0.8517075181007385 
0.6866019368171692 0.8185185194015503 0.591304361820221 0.8601780533790588 
0.7965028882026672 0.7250274419784546 0.8836120367050171 0.8628465533256531 
0.6107838749885559 0.9466292262077332 0.4508361220359802 0.8632351160049438 
0.778150737285614 0.7154881954193115 0.8528428077697754 0.8479264974594116 
0.7176781296730042 0.7078724503517151 0.7277591824531555 0.8218724727630615 
0.7947368621826172 0.7059740424156189 0.9090300798416138 0.8482162952423096 
0.611361563205719 0.9377593398094177 0.45351171493530273 0.8643144965171814 
0.630065381526947 0.9037500023841858 0.4836120307445526 0.8681151270866394 
0.776530921459198 0.7456896305084229 0.8100334405899048 0.8648700714111328 
0.8020519018173218 0.7306212186813354 0.8889632225036621 0.8598188161849976 
0.7900030612945557 0.7256438732147217 0.8668896555900574 0.8623561263084412 
0.7344213724136353 0.8243130445480347 0.6622073650360107 0.8741143345832825 
0.7748690843582153 0.7584881782531738 0.7919732332229614 0.8674930334091187 
0.8024727702140808 0.7166140675544739 0.9117056727409363 0.8630394339561462 
0.7832212448120117 0.7512285113334656 0.8180602192878723 0.8701998591423035 
0.7634333372116089 0.797957718372345 0.7317726016044617 0.8797469139099121 
0.7912155985832214 0.7359033226966858 0.8555184006690979 0.8626236319541931 
0.8016801476478577 0.7268770337104797 0.8936454653739929 0.8651306629180908 
0.784019947052002 0.7349327206611633 0.840133786201477 0.8631286025047302 
0.7985348105430603 0.7344188690185547 0.8749163746833801 0.8660913705825806 
0.7437078952789307 0.7911010384559631 0.7016722559928894 0.8666189908981323 
0.7980122566223145 0.7087227702140808 0.9130434989929199 0.855515718460083 
0.7718008756637573 0.7710280418395996 0.7725752592086792 0.8732774257659912 
0.7284719944000244 0.8055105209350586 0.6648829579353333 0.867814302444458 
0.8003708124160767 0.743825376033783 0.8662207126617432 0.867275595664978 
0.731095552444458 0.8149670958518982 0.6628762483596802 0.8697597980499268 
0.7895878553390503 0.7355658411979675 0.852173924446106 0.8674415349960327 
0.8046920895576477 0.7164490818977356 0.9177257418632507 0.8640491366386414 
0.7761096358299255 0.7578074932098389 0.7953177094459534 0.8693075776100159 
0.735582172870636 0.8034865260124207 0.678260862827301 0.8670455813407898 
0.7621890306472778 0.7559210658073425 0.7685618996620178 0.8653485178947449 
0.7666121125221252 0.7506410479545593 0.7832775712013245 0.8656066656112671 
0.7616822719573975 0.7601599097251892 0.7632107138633728 0.8705543279647827 
0.7659432291984558 0.7646666765213013 0.7672240734100342 0.8673864603042603 
0.7817886471748352 0.7607594728469849 0.8040133714675903 0.86646968126297 
0.7809096574783325 0.7492316961288452 0.8153846263885498 0.8679044246673584 
0.7977736592292786 0.7418056130409241 0.8628762364387512 0.8728973865509033 
0.8056063652038574 0.7397873401641846 0.8842809200286865 0.8767892122268677 
0.7927641868591309 0.7542270421981812 0.8354514837265015 0.8703106045722961 
0.7881967425346375 0.772990345954895 0.8040133714675903 0.8723055124282837 
0.7824715971946716 0.7400119304656982 0.8301003575325012 0.8660634756088257 
0.7755231261253357 0.7371910810470581 0.8180602192878723 0.8627961277961731 
0.7930629253387451 0.7073938250541687 0.9023411273956299 0.8529307246208191 
0.7002778649330139 0.861328125 0.5899665355682373 0.8651072978973389 
0.7826653718948364 0.7630241513252258 0.8033444881439209 0.8635449409484863 
0.7858496308326721 0.7444643974304199 0.8321070075035095 0.8623834848403931 
0.7923875451087952 0.6964014172554016 0.9190635681152344 0.8556618094444275 
0.7099767923355103 0.8414298892021179 0.6140468120574951 0.8707394599914551 
0.7709571123123169 0.7609120607376099 0.7812709212303162 0.8602279424667358 
0.7309117913246155 0.8196176290512085 0.6595317721366882 0.8620389103889465 
0.7627812027931213 0.7776233553886414 0.7484949827194214 0.857962429523468 
0.8108925819396973 0.7403314709663391 0.8963210582733154 0.8667584657669067 
0.7035875916481018 0.7340116500854492 0.6755852699279785 0.8035887479782104 
0.7841094136238098 0.7639594078063965 0.805351197719574 0.8660287857055664 
0.7800253033638 0.7393648624420166 0.8254180550575256 0.8605497479438782 
0.7715768814086914 0.7492123246192932 0.7953177094459534 0.8681583404541016 
0.7744680643081665 0.7583333253860474 0.791304349899292 0.8723587989807129 
0.7455782294273376 0.758477509021759 0.7331103682518005 0.8622729182243347 
0.7318455576896667 0.7778614163398743 0.6909698843955994 0.8531802296638489 
0.762334942817688 0.7932031750679016 0.73377925157547 0.8658384084701538 
0.7642713189125061 0.767363429069519 0.7612040042877197 0.8694648146629333 
0.7754182815551758 0.747055172920227 0.8060200810432434 0.8652039170265198 
0.7645875215530396 0.7666442394256592 0.7625418305397034 0.8618980050086975 
0.7686274647712708 0.7514377236366272 0.7866220474243164 0.8598487377166748 
0.779411792755127 0.7464788556098938 0.8153846263885498 0.8624874353408813 
0.7476966977119446 0.7950263619422913 0.7056856155395508 0.8665763735771179 
