0.7490753531455994 0.6277324557304382 0.9285714030265808 0.8076061010360718 
0.7694450616836548 0.7006738185882568 0.8531853556632996 0.8163972496986389 
0.711435079574585 0.7927190661430359 0.6452702879905701 0.840968906879425 
0.7587611675262451 0.6663745641708374 0.880888044834137 0.8182081580162048 
0.7671400308609009 0.7008383274078369 0.8472973108291626 0.8326891660690308 
0.7830027937889099 0.7315948605537415 0.8421814441680908 0.8500432968139648 
0.7750045657157898 0.7337012887001038 0.8212355375289917 0.8471404910087585 
0.7505408525466919 0.7476295232772827 0.7534748911857605 0.8524904251098633 
0.7914007306098938 0.7317212820053101 0.8616795539855957 0.8637655377388 
0.7958518266677856 0.7020805478096008 0.9185327887535095 0.8471994400024414 
0.7922492027282715 0.7076596021652222 0.8998069763183594 0.8567295670509338 
0.7811847925186157 0.7519871592521667 0.8127413392066956 0.8722991943359375 
0.7839459776878357 0.7622173428535461 0.80694979429245 0.874422550201416 
0.7433435320854187 0.762746274471283 0.7249034643173218 0.8512816429138184 
0.7813318967819214 0.73441481590271 0.8346524834632874 0.8535280823707581 
0.8133697509765625 0.7478944063186646 0.8914092779159546 0.876306414604187 
0.8185282349586487 0.7290692329406738 0.9330115914344788 0.8770350217819214 
0.7445615530014038 0.7457873225212097 0.7433397769927979 0.8447425365447998 
0.7874082326889038 0.7024449110031128 0.8957529067993164 0.8496055006980896 
0.7986080646514893 0.7344838976860046 0.875 0.8698873519897461 
0.80105060338974 0.7433694005012512 0.8684362769126892 0.8711203336715698 
0.807304322719574 0.7220741510391235 0.9153475165367126 0.8715486526489258 
0.8037469983100891 0.7139965295791626 0.9193050265312195 0.8594173789024353 
0.792593240737915 0.7479869723320007 0.8428571224212646 0.8680537939071655 
0.7957972288131714 0.7137056589126587 0.8992277979850769 0.8554490804672241 
0.8249481320381165 0.7469474077224731 0.9211390018463135 0.8841425180435181 
0.8243113160133362 0.7269778251647949 0.9517374634742737 0.8743057250976562 
0.8005176782608032 0.744438886642456 0.8657335638999939 0.8777202367782593 
0.787523090839386 0.7554078102111816 0.8224903345108032 0.8741032481193542 
0.7940964102745056 0.7457612752914429 0.8491312861442566 0.8732804656028748 
0.7953521013259888 0.7333387732505798 0.8688223958015442 0.8687634468078613 
0.7631319761276245 0.7415536046028137 0.7860038876533508 0.844355583190918 
0.7967042922973633 0.7430671453475952 0.8586872816085815 0.8555896878242493 
0.7983867526054382 0.7524557709693909 0.8502895832061768 0.8706603050231934 
0.7993029952049255 0.7440525889396667 0.8634169697761536 0.8658364415168762 
0.803777277469635 0.7432764768600464 0.875 0.8772464990615845 
0.8092589378356934 0.7267906665802002 0.9128378629684448 0.8623071908950806 
0.8115668892860413 0.7577229142189026 0.8736486434936523 0.8761583566665649 
0.7877235412597656 0.7369261980056763 0.8460424542427063 0.8583984971046448 
0.7226221561431885 0.7185531854629517 0.7267374396324158 0.8273018002510071 
0.8047174215316772 0.7465730905532837 0.8726834058761597 0.8717121481895447 
0.762762188911438 0.7691628336906433 0.7564671635627747 0.8636063933372498 
0.7933555841445923 0.7451246380805969 0.8482625484466553 0.8704673647880554 
0.8001570701599121 0.7300007939338684 0.8852316737174988 0.8731560111045837 
0.8017261624336243 0.779815673828125 0.8249034881591797 0.8855019807815552 
0.7815970778465271 0.7753609418869019 0.7879343628883362 0.8702247142791748 
0.7975670099258423 0.7478665113449097 0.8543436527252197 0.868867039680481 
0.795701801776886 0.7367815375328064 0.8648648858070374 0.8682262897491455 
0.8066834211349487 0.7424328327178955 0.8831080794334412 0.87485671043396 
0.7985608577728271 0.7320408821105957 0.8783783912658691 0.8712946772575378 
0.8018026351928711 0.7587009072303772 0.8500965237617493 0.874786376953125 
0.7988765239715576 0.7324374318122864 0.8785714507102966 0.8721641302108765 
0.7579071521759033 0.7702581286430359 0.745945930480957 0.8580177426338196 
0.7886780500411987 0.7526089549064636 0.8283783793449402 0.8711919784545898 
0.8020273447036743 0.7379562258720398 0.878281831741333 0.8647618889808655 
0.8052833080291748 0.713636040687561 0.9239382147789001 0.8602677583694458 
0.7849034667015076 0.6933323740959167 0.9043436050415039 0.830931544303894 
0.8050950765609741 0.7344794869422913 0.8907335996627808 0.8675262928009033 
0.7988963723182678 0.7312008738517761 0.8804054260253906 0.8667691946029663 
0.808037281036377 0.7302057147026062 0.90444016456604 0.8727993369102478 
0.8059728145599365 0.7487370371818542 0.8726834058761597 0.8831239938735962 
0.7769911289215088 0.7917835712432861 0.7627413272857666 0.8792877197265625 
0.7886710166931152 0.7586729526519775 0.8211389780044556 0.8677205443382263 
0.791431188583374 0.7497409582138062 0.8380308747291565 0.8616281151771545 
0.8069566488265991 0.7483088374137878 0.8755791783332825 0.8785543441772461 
0.8221251368522644 0.7447308897972107 0.9174710512161255 0.8794956207275391 
0.8024744987487793 0.7313005924224854 0.8889961242675781 0.8752680420875549 
0.8054245710372925 0.7530438899993896 0.8656370639801025 0.873379647731781 
0.7813400030136108 0.7770141363143921 0.7857142686843872 0.8725254535675049 
0.7929802536964417 0.7461060285568237 0.8461390137672424 0.8635421395301819 
0.803781270980835 0.7410001754760742 0.8781853318214417 0.8764421343803406 
0.782256543636322 0.7636998891830444 0.8017374277114868 0.8597011566162109 
0.7856248021125793 0.7841892838478088 0.7870656251907349 0.8743870854377747 
0.7996007204055786 0.7543874382972717 0.8505791425704956 0.8723412156105042 
0.8012235164642334 0.7319760322570801 0.8849421143531799 0.8723280429840088 
0.774820864200592 0.7478893399238586 0.8037644624710083 0.8496968150138855 
0.7938374876976013 0.7520511150360107 0.8405405282974243 0.8648625612258911 
0.7962143421173096 0.7772568464279175 0.8161196708679199 0.8764412999153137 
0.8027098178863525 0.7334664463996887 0.886389970779419 0.8622961044311523 
0.7900630235671997 0.7706994414329529 0.8104246854782104 0.8679852485656738 
0.7776235342025757 0.7468005418777466 0.8111003637313843 0.8527028560638428 
0.7779680490493774 0.7668792009353638 0.7893822193145752 0.8624739050865173 
0.8031246066093445 0.7398162484169006 0.878281831741333 0.8741390705108643 
0.7630288004875183 0.7679147720336914 0.7582046389579773 0.8576949238777161 
0.7913604378700256 0.7425742745399475 0.8470077514648438 0.868451714515686 
0.7975488901138306 0.7793643474578857 0.8166022896766663 0.8831619024276733 
0.7938530445098877 0.7713037133216858 0.8177606463432312 0.8754758834838867 
0.796821117401123 0.7275336980819702 0.8806949853897095 0.8662270903587341 
0.8076069355010986 0.713387131690979 0.9305019378662109 0.8501476049423218 
0.8049838542938232 0.7194436192512512 0.91361004114151 0.8725512623786926 
0.7971594929695129 0.7543073892593384 0.845173716545105 0.8636295795440674 
0.8069663643836975 0.7443529367446899 0.8810811042785645 0.8691635727882385 
0.7819116711616516 0.7518488764762878 0.8144787549972534 0.8557774424552917 
0.7787501811981201 0.7636144161224365 0.794498085975647 0.8610156774520874 
0.7634403705596924 0.7087916731834412 0.82722008228302 0.8255051374435425 
0.7793236970901489 0.7303569912910461 0.8353281617164612 0.8608712553977966 
0.80384361743927 0.7341045141220093 0.8882239460945129 0.8681190609931946 
0.8019179105758667 0.7205169796943665 0.9040540456771851 0.8509305715560913 
0.805919885635376 0.7449213862419128 0.8777992129325867 0.874553918838501 
0.7888083457946777 0.7606669068336487 0.8191119432449341 0.8700761795043945 
0.8042945861816406 0.746835470199585 0.871332049369812 0.8776425123214722 
0.8037768006324768 0.7236475944519043 0.9038609862327576 0.8761516809463501 
0.7732203602790833 0.7468297481536865 0.8015444278717041 0.8542269468307495 
0.8041173219680786 0.7440676689147949 0.8747104406356812 0.8702654838562012 
0.7897214889526367 0.737498939037323 0.8499034643173218 0.8604525327682495 
0.8045987486839294 0.7628687620162964 0.8511583209037781 0.8772659301757812 
0.8093844056129456 0.7393247485160828 0.8941119909286499 0.8728855848312378 
0.7907642722129822 0.7580345273017883 0.8264479041099548 0.8667418956756592 
