0.9586777091026306 0.9490908980369568 0.9684600830078125 0.9707284569740295 
0.9265734553337097 0.8760330677032471 0.9833024144172668 0.9706457853317261 
0.9584086537361145 0.9347442388534546 0.9833024144172668 0.9788620471954346 
0.9477543830871582 0.9365941882133484 0.9591836929321289 0.9708970785140991 
0.9540441036224365 0.9453551769256592 0.9628942608833313 0.9866549968719482 
0.9620253443717957 0.9382715821266174 0.9870129823684692 0.9827259182929993 
0.9354838728904724 0.9572815299034119 0.9146567583084106 0.9790221452713013 
0.9394760727882385 0.9154929518699646 0.9647495150566101 0.957127034664154 
0.9380863308906555 0.9487665891647339 0.9276437759399414 0.9810099601745605 
0.9471799731254578 0.9152249097824097 0.9814471006393433 0.9840166568756104 
0.9498208165168762 0.9185441732406616 0.9833024144172668 0.9785832166671753 
0.9634369015693665 0.9495495557785034 0.9777365326881409 0.9814332723617554 
0.9620253443717957 0.9382715821266174 0.9870129823684692 0.9764285087585449 
0.9599271416664124 0.9427549242973328 0.9777365326881409 0.9767917394638062 
0.9628286361694336 0.9414893388748169 0.9851577281951904 0.9833763837814331 
0.9599999785423279 0.9411764740943909 0.9795918464660645 0.9758055210113525 
0.9647058844566345 0.9416961073875427 0.9888682961463928 0.9839925169944763 
0.9629629850387573 0.9383803009986877 0.9888682961463928 0.9744441509246826 
0.9624198079109192 0.9510869383811951 0.9740259647369385 0.97795170545578 
0.9610859751701355 0.9381625652313232 0.9851577281951904 0.9836276769638062 
0.949026882648468 0.9481481313705444 0.9499072432518005 0.9824539422988892 
0.9423247575759888 0.9030612111091614 0.9851577281951904 0.9706234335899353 
0.9708561301231384 0.9534883499145508 0.9888682961463928 0.9849305748939514 
0.9590017795562744 0.9228130578994751 0.9981446862220764 0.986627459526062 
0.9723756909370422 0.9652650952339172 0.9795918464660645 0.9853917360305786 
0.9688644409179688 0.9566003680229187 0.9814471006393433 0.9843866229057312 
0.956682026386261 0.9505494236946106 0.9628942608833313 0.973871111869812 
0.9584086537361145 0.9347442388534546 0.9833024144172668 0.972385823726654 
0.9594959616661072 0.9318181872367859 0.9888682961463928 0.9847033023834229 
0.9562841653823853 0.9391770958900452 0.9740259647369385 0.9802475571632385 
0.9690346121788025 0.951699435710907 0.9870129823684692 0.9849649667739868 
0.9485500454902649 0.9566037654876709 0.9406307935714722 0.9841715097427368 
0.96875 0.9599271416664124 0.9777365326881409 0.9880473017692566 
0.9644485116004944 0.9480286836624146 0.9814471006393433 0.980278491973877 
0.9723247289657593 0.9669724702835083 0.9777365326881409 0.9875121116638184 
0.9652014374732971 0.9529837369918823 0.9777365326881409 0.9814781546592712 
0.9733210802078247 0.9653284549713135 0.9814471006393433 0.987804651260376 
0.9368520379066467 0.9521072506904602 0.9220778942108154 0.9787691831588745 
0.9726277589797974 0.9569120407104492 0.9888682961463928 0.9830701351165771 
0.9736602902412415 0.9537366628646851 0.994434118270874 0.9870784282684326 
0.9789954423904419 0.9640287756919861 0.994434118270874 0.9879646897315979 
0.976190447807312 0.9638336300849915 0.9888682961463928 0.9867565035820007 
0.9733700752258301 0.9636363387107849 0.9833024144172668 0.9890231490135193 
0.9663330316543579 0.9482142925262451 0.9851577281951904 0.9830338358879089 
0.9690346121788025 0.951699435710907 0.9870129823684692 0.986038863658905 
0.9672130942344666 0.949910581111908 0.9851577281951904 0.9838669300079346 
0.9762773513793945 0.9605026841163635 0.9925788640975952 0.9887650609016418 
0.9450757503509521 0.9651837348937988 0.9257885217666626 0.9859941005706787 
0.9579831957817078 0.9642857313156128 0.9517624974250793 0.9820683598518372 
0.9339285492897034 0.9001721143722534 0.9703153967857361 0.9755783081054688 
0.9503161907196045 0.9260563254356384 0.9758812785148621 0.9786470532417297 
0.9270142316818237 0.9476743936538696 0.9072356224060059 0.9710588455200195 
0.9604415893554688 0.9525547623634338 0.9684600830078125 0.9853039383888245 
0.9671533107757568 0.9515260457992554 0.9833024144172668 0.9862419366836548 
0.9633699655532837 0.9511753916740417 0.9758812785148621 0.9872039556503296 
0.9637681245803833 0.9415929317474365 0.9870129823684692 0.9768571853637695 
