0.7877358198165894 0.7660550475120544 0.8106796145439148 0.8854039907455444 
0.8235294222831726 0.7711864113807678 0.8834951519966125 0.9202916622161865 
0.8543689250946045 0.8543689250946045 0.8543689250946045 0.9327694177627563 
0.6964285969734192 0.64462810754776 0.7572815418243408 0.7999576330184937 
0.7733333110809326 0.857988178730011 0.7038834691047668 0.8798189759254456 
0.9017857313156128 0.8347107172012329 0.9805825352668762 0.9375412464141846 
0.8658008575439453 0.78125 0.9708737730979919 0.9434560537338257 
0.8571428656578064 0.8700000047683716 0.844660222530365 0.9406163692474365 
0.8302872180938721 0.8983050584793091 0.7718446850776672 0.9485224485397339 
0.871046245098114 0.8731707334518433 0.8689320683479309 0.9561575055122375 
0.8529411554336548 0.8613861203193665 0.844660222530365 0.9476858973503113 
0.8790123462677002 0.8944723606109619 0.8640776872634888 0.9564638137817383 
0.8439024686813354 0.8480392098426819 0.8398058414459229 0.9378004670143127 
0.6524389982223511 0.8770492076873779 0.5194174647331238 0.887018084526062 
0.8840262293815613 0.804780900478363 0.9805825352668762 0.958737850189209 
0.8682170510292053 0.9281768202781677 0.8155339956283569 0.9600692391395569 
0.8388746976852417 0.8864864706993103 0.7961165308952332 0.9428433179855347 
0.8651399612426758 0.9090909361839294 0.8252426981925964 0.9563342332839966 
0.9030733108520508 0.8801843523979187 0.9271844625473022 0.9613653421401978 
0.8652482032775879 0.843317985534668 0.8883495330810547 0.9410406351089478 
0.8826290965080261 0.8545454740524292 0.9126213788986206 0.9614360332489014 
0.8990825414657593 0.852173924446106 0.9514563083648682 0.9597511887550354 
0.8648648858070374 0.8756219148635864 0.8543689250946045 0.9483575820922852 
0.5827814340591431 0.9166666865348816 0.42718446254730225 0.8581275343894958 
0.9054726362228394 0.9285714030265808 0.8834951519966125 0.9725704789161682 
0.8434343338012695 0.878947377204895 0.8106796145439148 0.9400508403778076 
0.8550000190734863 0.8814433217048645 0.8300970792770386 0.9359506368637085 
0.8407310843467712 0.909604549407959 0.7815533876419067 0.9496654868125916 
0.8571428656578064 0.9032257795333862 0.8155339956283569 0.9556980133056641 
0.8241205811500549 0.8541666865348816 0.7961165308952332 0.9318739175796509 
0.8467532396316528 0.910614550113678 0.791262149810791 0.9398741722106934 
0.8853210806846619 0.8391304612159729 0.9368932247161865 0.95119708776474 
0.8519480228424072 0.916201114654541 0.7961165308952332 0.96553635597229 
0.8564231991767883 0.8900523781776428 0.8252426981925964 0.9520807862281799 
0.8488063812255859 0.9356725215911865 0.7766990065574646 0.9515622854232788 
0.9078341126441956 0.8640350699424744 0.9563106894493103 0.9647351503372192 
0.651296854019165 0.8014184236526489 0.5485436916351318 0.8573027849197388 
0.7668393850326538 0.8222222328186035 0.7184466123580933 0.9191488027572632 
0.9090909361839294 0.8962264060974121 0.9223300814628601 0.9651238918304443 
0.8362720608711243 0.8691099286079407 0.8058252334594727 0.9409346580505371 
0.8346883654594421 0.9447852969169617 0.7475728392601013 0.9554622769355774 
0.8586387634277344 0.9318181872367859 0.7961165308952332 0.9501249194145203 
0.8301886916160583 0.9333333373069763 0.7475728392601013 0.941830039024353 
0.906862735748291 0.9158415794372559 0.8980582356452942 0.9669148921966553 
0.9012048244476318 0.8947368264198303 0.9077669978141785 0.9630031585693359 
0.8607594966888428 0.8994709253311157 0.8252426981925964 0.9562163949012756 
0.8967254161834717 0.9319371581077576 0.8640776872634888 0.9792511463165283 
0.8819277286529541 0.8755980730056763 0.8883495330810547 0.9525638818740845 
0.9052132964134216 0.8842592835426331 0.9271844625473022 0.9707559943199158 
0.9099525809288025 0.8888888955116272 0.9320388436317444 0.9753864407539368 
0.8753180503845215 0.9197860956192017 0.8349514603614807 0.9648882746696472 
0.8883610367774963 0.869767427444458 0.9077669978141785 0.9542840719223022 
0.8948655128479004 0.9014778137207031 0.8883495330810547 0.9610472321510315 
0.8926014304161072 0.8779342770576477 0.9077669978141785 0.9612004160881042 
0.8759493827819824 0.9153439402580261 0.8398058414459229 0.9642520546913147 
0.8310992121696472 0.9281437397003174 0.7524271607398987 0.9489584565162659 
0.8526077270507812 0.800000011920929 0.9126213788986206 0.9343364238739014 
0.9064748287200928 0.8957346081733704 0.917475700378418 0.9763879776000977 
0.8943489193916321 0.9054726362228394 0.8834951519966125 0.9706971049308777 
0.8606964945793152 0.8826530575752258 0.8398058414459229 0.9527170658111572 
0.8489583134651184 0.915730357170105 0.791262149810791 0.929046094417572 
0.8910890817642212 0.9090909361839294 0.8737863898277283 0.9720402359962463 
0.8648648858070374 0.8756219148635864 0.8543689250946045 0.9564049243927002 
0.89552241563797 0.918367326259613 0.8737863898277283 0.9483928680419922 
0.8450000286102295 0.8711340427398682 0.8203883767127991 0.9377769231796265 
0.8963855504989624 0.8899521827697754 0.9029126167297363 0.9577010273933411 
0.8541114330291748 0.9415204524993896 0.7815533876419067 0.9471675157546997 
0.9095354676246643 0.9162561297416687 0.9029126167297363 0.9597747325897217 
0.8585366010665894 0.8627451062202454 0.8543689250946045 0.9295762777328491 
0.8933002352714539 0.913705587387085 0.8737863898277283 0.9480512142181396 
0.8607594966888428 0.8994709253311157 0.8252426981925964 0.961942732334137 
0.9047619104385376 0.8878504633903503 0.9223300814628601 0.967833936214447 
0.875 0.9438202381134033 0.8155339956283569 0.9601635932922363 
0.8860759735107422 0.9259259104728699 0.8495145440101624 0.9654892683029175 
0.893203854560852 0.893203854560852 0.893203854560852 0.9638867974281311 
0.8451443314552307 0.9200000166893005 0.7815533876419067 0.9598926305770874 
0.8376963138580322 0.9090909361839294 0.7766990065574646 0.9527876973152161 
0.8888888955116272 0.9045225977897644 0.8737863898277283 0.9686822295188904 
0.8810126781463623 0.920634925365448 0.844660222530365 0.9670326709747314 
0.9026128053665161 0.8837209343910217 0.9223300814628601 0.9663728475570679 
0.8949999809265137 0.9226804375648499 0.8689320683479309 0.9638161659240723 
0.8837209343910217 0.9447513818740845 0.8300970792770386 0.9643934965133667 
0.8999999761581421 0.8831775784492493 0.917475700378418 0.969660222530365 
0.9007263779640198 0.8985507488250732 0.9029126167297363 0.9664672017097473 
0.8534704446792603 0.9071038365364075 0.8058252334594727 0.9476152658462524 
0.9064748287200928 0.8957346081733704 0.917475700378418 0.9666321277618408 
0.8415584564208984 0.9050279259681702 0.7864077687263489 0.9575831294059753 
0.8556700944900513 0.9120879173278809 0.8058252334594727 0.9468022584915161 
0.8563968539237976 0.9265536665916443 0.7961165308952332 0.9469436407089233 
0.8962264060974121 0.8715596199035645 0.9223300814628601 0.9639928340911865 
0.8832487463951111 0.9255319237709045 0.844660222530365 0.9621783494949341 
0.8776978254318237 0.8672986030578613 0.8883495330810547 0.9601399898529053 
0.9166666865348816 0.9257425665855408 0.9077669978141785 0.964310884475708 
0.8785046935081482 0.8468468189239502 0.9126213788986206 0.9443987011909485 
0.813829779624939 0.8999999761581421 0.7427184581756592 0.9369168281555176 
0.8443271517753601 0.9248554706573486 0.7766990065574646 0.9536125659942627 
0.8066298365592957 0.9358974099159241 0.708737850189209 0.9480394124984741 
0.9038461446762085 0.8952381014823914 0.9126213788986206 0.9589028358459473 
0.8894117474555969 0.8630136847496033 0.917475700378418 0.960116446018219 
0.9189189076423645 0.93034827709198 0.9077669978141785 0.9749152064323425 
0.8982630372047424 0.9187816977500916 0.8786407709121704 0.9686940312385559 
0.8888888955116272 0.9045225977897644 0.8737863898277283 0.9646997451782227 
0.8471850156784058 0.946107804775238 0.7669903039932251 0.9593387842178345 
0.8769230842590332 0.929347813129425 0.8300970792770386 0.9685173034667969 
0.9156626462936401 0.9090909361839294 0.9223300814628601 0.9760698676109314 
0.8905109763145447 0.8926829099655151 0.8883495330810547 0.9666910171508789 
0.8814433217048645 0.9395604133605957 0.8300970792770386 0.9679753184318542 
0.8671678900718689 0.8963730335235596 0.8398058414459229 0.9557686448097229 
0.8939393758773804 0.9315789341926575 0.8592233061790466 0.9652653336524963 
0.8894472122192383 0.921875 0.8592233061790466 0.9644759893417358 
0.8956742882728577 0.9411764740943909 0.8543689250946045 0.9680814146995544 
0.8927680850028992 0.9179487228393555 0.8689320683479309 0.97063809633255 
0.8526315689086914 0.931034505367279 0.7864077687263489 0.9657012224197388 
0.8498727679252625 0.893048107624054 0.8106796145439148 0.9508200883865356 
0.8527919054031372 0.8936170339584351 0.8155339956283569 0.9477094411849976 
0.8461538553237915 0.89673912525177 0.8009708523750305 0.9542487859725952 
0.8510638475418091 0.9411764740943909 0.7766990065574646 0.9597746729850769 
0.8518518805503845 0.9360465407371521 0.7815533876419067 0.9562753438949585 
0.8415584564208984 0.9050279259681702 0.7864077687263489 0.9531412124633789 
0.8700265288352966 0.9590643048286438 0.7961165308952332 0.9696013331413269 
0.8953770995140076 0.893203854560852 0.8975609540939331 0.9598691463470459 
0.9049999713897705 0.928205132484436 0.8829268217086792 0.9700417518615723 
0.8503937125205994 0.9204545617103577 0.790243923664093 0.960678219795227 
0.9077306985855103 0.9285714030265808 0.8878048658370972 0.9740036725997925 
0.8769230842590332 0.9243243336677551 0.8341463208198547 0.9728733897209167 
0.8658227920532227 0.8999999761581421 0.8341463208198547 0.9485306739807129 
0.8469387888908386 0.8877005577087402 0.8097561001777649 0.9442713260650635 
0.8601583242416382 0.9367815852165222 0.795121967792511 0.9579654932022095 
0.8385416865348816 0.8994413614273071 0.785365879535675 0.9541701078414917 
0.8421052694320679 0.9142857193946838 0.7804877758026123 0.9548126459121704 
0.8501362204551697 0.9629629850387573 0.7609755992889404 0.9587626457214355 
0.8644501566886902 0.9086021780967712 0.8243902325630188 0.962022602558136 
0.8917526006698608 0.9453551769256592 0.8439024686813354 0.9738370180130005 
0.8956742882728577 0.936170220375061 0.8585366010665894 0.9686614871025085 
0.7921348214149475 0.9337748289108276 0.6878048777580261 0.9511957168579102 
0.8264462947845459 0.949367105960846 0.7317073345184326 0.9638547897338867 
0.8894601464271545 0.9402173757553101 0.8439024686813354 0.968483030796051 
0.8937197923660278 0.8851674795150757 0.9024389982223511 0.962938666343689 
0.8787878751754761 0.9109947681427002 0.8487805128097534 0.9486258029937744 
0.8888888955116272 0.8999999761581421 0.8780487775802612 0.9682332277297974 
0.8381962776184082 0.9186046719551086 0.7707316875457764 0.9375371932983398 
0.8244680762290955 0.9064327478408813 0.7560975551605225 0.9257346391677856 
0.8196721076965332 0.9316770434379578 0.7317073345184326 0.9445686936378479 
0.8605769276618958 0.8483412265777588 0.8731707334518433 0.948590099811554 
0.8346883654594421 0.9390243887901306 0.7512195110321045 0.9474955201148987 
0.8244680762290955 0.9064327478408813 0.7560975551605225 0.947543203830719 
0.9019607901573181 0.9064039587974548 0.8975609540939331 0.9694705605506897 
0.8843187689781189 0.9347826242446899 0.8390243649482727 0.9599049091339111 
0.8790123462677002 0.8899999856948853 0.8682926893234253 0.9561333060264587 
0.885496199131012 0.9255319237709045 0.8487805128097534 0.9622604846954346 
0.8713910579681396 0.9431818127632141 0.8097561001777649 0.9543367624282837 
0.8946015238761902 0.945652186870575 0.8487805128097534 0.9669482707977295 
0.859375 0.9217877388000488 0.8048780560493469 0.9482213258743286 
0.8717948794364929 0.9189189076423645 0.8292682766914368 0.9643783569335938 
0.8939393758773804 0.926701545715332 0.8634146451950073 0.9604640603065491 
0.8682170510292053 0.9230769276618958 0.8195121884346008 0.9596549272537231 
0.8928571343421936 0.9358288645744324 0.8536585569381714 0.9671862125396729 
0.8865435123443604 0.9655172228813171 0.8195121884346008 0.9756454825401306 
0.8548812866210938 0.931034505367279 0.790243923664093 0.9610827565193176 
0.8947368264198303 0.8779342770576477 0.9121951460838318 0.9527185559272766 
0.8647214770317078 0.9476743936538696 0.795121967792511 0.9611541032791138 
0.9160671234130859 0.900943398475647 0.9317073225975037 0.9648542404174805 
0.8471850156784058 0.9404761791229248 0.7707316875457764 0.9550268054008484 
0.8947368264198303 0.9714285731315613 0.8292682766914368 0.9745389819145203 
0.9156010150909424 0.9623655676841736 0.8731707334518433 0.9725639820098877 
0.9276807904243469 0.9489796161651611 0.9073171019554138 0.9781677722930908 
0.918367326259613 0.9625668525695801 0.8780487775802612 0.9706127643585205 
0.6961652040481567 0.8805969953536987 0.5756097435951233 0.8330755233764648 
