0.43039724230766296 0.9148311018943787 0.2813911437988281 0.8594446182250977 
0.4358084797859192 0.940119743347168 0.2836495041847229 0.8568054437637329 
0.698063850402832 0.8296020030975342 0.6025293469429016 0.8584044575691223 
0.8421052694320679 0.8089887499809265 0.8780487775802612 0.8716713786125183 
0.7171086668968201 0.844975471496582 0.6228545904159546 0.861243724822998 
0.673299252986908 0.8318936824798584 0.5654923319816589 0.8678724765777588 
0.7769749760627747 0.8323013186454773 0.728545606136322 0.8828744888305664 
0.45488592982292175 0.9239280819892883 0.3017163574695587 0.8831505179405212 
0.7391194701194763 0.8341851234436035 0.663504958152771 0.8716855645179749 
0.521212100982666 0.8870792388916016 0.3690153658390045 0.8865218162536621 
0.7070547938346863 0.843026876449585 0.608852744102478 0.8896692395210266 
0.7503752112388611 0.8408071994781494 0.6775068044662476 0.8864089250564575 
0.7966142892837524 0.8573659658432007 0.7439024448394775 0.8903248310089111 
0.5497835278511047 0.8715686202049255 0.40153568983078003 0.8811931610107422 
0.8221975564956665 0.8083806037902832 0.836495041847229 0.8781861662864685 
0.8203592896461487 0.8369361162185669 0.804426372051239 0.8882308602333069 
0.8078633546829224 0.8382710218429565 0.7795844674110413 0.8921791315078735 
0.7881216406822205 0.8240512609481812 0.7551942467689514 0.8790614604949951 
0.7753195762634277 0.8505933284759521 0.7122854590415955 0.8893944025039673 
0.8426916003227234 0.8315743207931519 0.8541101813316345 0.8840339183807373 
0.7255957126617432 0.838365912437439 0.6395664215087891 0.8904566764831543 
0.5994725823402405 0.853210985660553 0.4620596170425415 0.8850157856941223 
0.7378542423248291 0.8388952612876892 0.6585366129875183 0.8754317760467529 
0.8415252566337585 0.8217821717262268 0.8622403144836426 0.8869356513023376 
0.8042970299720764 0.832688570022583 0.7777777910232544 0.8956024646759033 
0.6690313816070557 0.8449345231056213 0.5537488460540771 0.8882895708084106 
0.7209424376487732 0.8574097156524658 0.6219512224197388 0.8926752209663391 
0.734235405921936 0.8443922400474548 0.6495031714439392 0.8909231424331665 
0.8368762731552124 0.8292682766914368 0.8446251153945923 0.8867942094802856 
0.786814272403717 0.8419155478477478 0.7384823560714722 0.893879234790802 
0.8450325131416321 0.8391982316970825 0.8509485125541687 0.8997089266777039 
0.6783083081245422 0.8566505908966064 0.5614272952079773 0.8903814554214478 
0.7096602916717529 0.8603603839874268 0.6038843989372253 0.8972128629684448 
0.7187334895133972 0.8642131686210632 0.6151761412620544 0.9047532677650452 
0.8700276613235474 0.8222758173942566 0.9236675500869751 0.8954803347587585 
0.8038095235824585 0.8499496579170227 0.7624209523200989 0.897179126739502 
0.7221929430961609 0.8670886158943176 0.6187894940376282 0.8725798726081848 
0.8537020683288574 0.8431718349456787 0.8644986152648926 0.902758777141571 
0.6859027147293091 0.87578946352005 0.5636856555938721 0.8982997536659241 
0.8376753330230713 0.8260869383811951 0.8495935201644897 0.8955335021018982 
0.7469151616096497 0.8440523743629456 0.6698283553123474 0.8818968534469604 
0.8374295234680176 0.8361098766326904 0.8387534022331238 0.9052228927612305 
0.6777042150497437 0.8709219694137573 0.554652214050293 0.8931660056114197 
0.7206733226776123 0.8627204298973083 0.6187894940376282 0.8893452286720276 
0.6767731308937073 0.8445945978164673 0.5645889639854431 0.8850576877593994 
0.7693071961402893 0.8543850183486938 0.6996386647224426 0.8955076932907104 
0.7737226486206055 0.8386076092720032 0.718157172203064 0.8950109481811523 
0.6597993969917297 0.8250847458839417 0.5496838092803955 0.8525192141532898 
0.8149707317352295 0.8452207446098328 0.7868111729621887 0.8977674245834351 
0.8185345530509949 0.8274111747741699 0.8098464608192444 0.8949916362762451 
0.7386189103126526 0.8514150977134705 0.6522132158279419 0.8971966505050659 
0.708477258682251 0.8605551719665527 0.6020776629447937 0.8987482786178589 
0.8139534592628479 0.8060230016708374 0.8220415711402893 0.8671799898147583 
0.8131815791130066 0.8557884097099304 0.7746160626411438 0.9011712074279785 
0.8329060673713684 0.8603755235671997 0.8071364164352417 0.9057197570800781 
0.8658589124679565 0.8309800624847412 0.9037940502166748 0.9000005722045898 
0.7143235206604004 0.8630838394165039 0.6093044281005859 0.9000768661499023 
0.7593101859092712 0.8500279784202576 0.686088502407074 0.901553213596344 
0.738258421421051 0.8428985476493835 0.6567298769950867 0.8867182731628418 
0.753476619720459 0.8558299541473389 0.672990083694458 0.8959357738494873 
0.850454568862915 0.8559011816978455 0.8450767993927002 0.9029194116592407 
0.8644254207611084 0.8416773676872253 0.8884372115135193 0.9053230881690979 
0.557232677936554 0.9171842932701111 0.4001806676387787 0.897901713848114 
0.8488760590553284 0.8367705345153809 0.8613369464874268 0.894668459892273 
0.8231213688850403 0.8432022929191589 0.8039746880531311 0.8937651515007019 
0.7741147875785828 0.8426368832588196 0.7158988118171692 0.893399715423584 
0.773051381111145 0.8483540415763855 0.7100270986557007 0.8955835700035095 
0.7249126434326172 0.8102678656578064 0.6558265686035156 0.8522449135780334 
0.8420813679695129 0.8472793698310852 0.8369467258453369 0.907717227935791 
0.768774688243866 0.8484187722206116 0.7028003334999084 0.9002202749252319 
0.8383073210716248 0.8268892765045166 0.8500451445579529 0.8966561555862427 
0.8189376592636108 0.8379017114639282 0.8008130192756653 0.896598219871521 
0.7761715054512024 0.8659622073173523 0.7032520174980164 0.904904305934906 
0.8367254734039307 0.8378623127937317 0.8355916738510132 0.9010855555534363 
0.7793103456497192 0.8569880723953247 0.7145438194274902 0.9009265303611755 
0.7467349767684937 0.8622117042541504 0.6585366129875183 0.9045857787132263 
0.7738299369812012 0.8457418084144592 0.7131888270378113 0.9027342796325684 
0.829698383808136 0.8530534505844116 0.8075881004333496 0.9037312269210815 
0.7665418386459351 0.8570631146430969 0.6933152675628662 0.8972571492195129 
0.6739988923072815 0.8971471190452576 0.5397470593452454 0.8971131443977356 
