0.7685589790344238 0.8979591727256775 0.6717557311058044 0.9217484593391418
0.8571428656578064 0.8671875 0.847328245639801 0.9157682657241821
0.8089430928230286 0.865217387676239 0.7595419883728027 0.9259002804756165
0.8523364663124084 0.8351648449897766 0.8702290058135986 0.9245527982711792
0.7873684167861938 0.8779342770576477 0.7137404680252075 0.921988844871521
0.913957953453064 0.9157088398933411 0.9122137427330017 0.9641629457473755
0.8438060879707336 0.7966101765632629 0.8969465494155884 0.917618453502655
0.9033457040786743 0.8804348111152649 0.927480936050415 0.9426752924919128
0.8435643315315247 0.8765432238578796 0.8129770755767822 0.9082731604576111
0.8310139179229736 0.8672199249267578 0.7977099418640137 0.9250044226646423
0.8871892690658569 0.8888888955116272 0.885496199131012 0.9458146691322327
0.8760907649993896 0.8070739507675171 0.9580152630805969 0.9261916875839233
0.8952381014823914 0.8935361504554749 0.8969465494155884 0.9510080814361572
0.8992537260055542 0.8795620203018188 0.919847309589386 0.9445836544036865
0.8226121068000793 0.8406374454498291 0.805343508720398 0.8983669877052307
0.8688845634460449 0.891566276550293 0.847328245639801 0.9419031143188477
0.8839778900146484 0.854092538356781 0.9160305261611938 0.9248951077461243
0.8733459115028381 0.8651685118675232 0.8816794157028198 0.9334319233894348
0.8752260208129883 0.831615149974823 0.9236640930175781 0.9217557907104492
0.916967511177063 0.8698630332946777 0.9694656729698181 0.9411529302597046
0.8897196054458618 0.8717948794364929 0.9083969593048096 0.9383267164230347
0.9015151262283325 0.8947368264198303 0.9083969593048096 0.9486335515975952
0.890625 0.9120000004768372 0.8702290058135986 0.948684573173523
0.8884955644607544 0.8283828496932983 0.9580152630805969 0.9374307990074158
0.8931297659873962 0.8931297659873962 0.8931297659873962 0.9433818459510803
0.797468364238739 0.8915094137191772 0.7213740348815918 0.9148796796798706
0.8876404762268066 0.8713235259056091 0.9045801758766174 0.9400312304496765
0.8455284833908081 0.904347836971283 0.7938931584358215 0.9254269003868103
0.88416987657547 0.89453125 0.8740457892417908 0.9394412636756897
0.8875969052314758 0.9015747904777527 0.8740457892417908 0.9514815807342529
0.9113923907279968 0.8659793734550476 0.9618320465087891 0.9511465430259705
0.8766114115715027 0.8469750881195068 0.9083969593048096 0.9339927434921265
0.7860261797904968 0.918367326259613 0.6870229244232178 0.9417937994003296
0.8992805480957031 0.8503401279449463 0.9541984796524048 0.9343279004096985
0.8998035192489624 0.9271255135536194 0.8740457892417908 0.9577311873435974
0.88671875 0.9079999923706055 0.8664122223854065 0.9435274600982666
0.8761552572250366 0.8494623899459839 0.9045801758766174 0.9403225183486938
0.8622540235519409 0.81144779920578 0.919847309589386 0.9257328510284424
0.9153153300285339 0.8668941855430603 0.9694656729698181 0.9524502754211426
0.89241623878479 0.8295081853866577 0.9656488299369812 0.9451154470443726
0.8805704116821289 0.8260869383811951 0.9427480697631836 0.936665952205658
0.824999988079071 0.9082568883895874 0.7557252049446106 0.9432653188705444
0.900355875492096 0.8433333039283752 0.9656488299369812 0.9256234765052795
0.8781431317329407 0.8901960849761963 0.8664122223854065 0.9454212188720703
0.871985137462616 0.8483754396438599 0.8969465494155884 0.9380936026573181
0.8659003973007202 0.8692307472229004 0.8625954389572144 0.9354787468910217
0.895575225353241 0.8349835276603699 0.9656488299369812 0.9239118099212646
0.8659003973007202 0.8692307472229004 0.8625954389572144 0.9356098175048828
0.8582677245140076 0.8861788511276245 0.8320610523223877 0.9356535077095032
0.8604206442832947 0.8620689511299133 0.8587786555290222 0.9407814741134644
0.8651911616325378 0.914893627166748 0.8206107020378113 0.9546209573745728
0.8910133838653564 0.8927202820777893 0.8893129825592041 0.9533098936080933
0.8848921060562134 0.8367347121238708 0.9389312863349915 0.9392299652099609
0.8704062104225159 0.8823529481887817 0.8587786555290222 0.9469728469848633
0.9025844931602478 0.9419087171554565 0.8664122223854065 0.9588310718536377
0.8779527544975281 0.9065040946006775 0.8511450290679932 0.94153892993927
0.8593155741691589 0.8560606241226196 0.8625954389572144 0.9203936457633972
0.8127659559249878 0.9182692170143127 0.7290076613426208 0.9232999086380005
0.8712871074676514 0.9053497910499573 0.8396946787834167 0.9493255019187927
0.8936936855316162 0.8464163541793823 0.9465649127960205 0.9505783319473267
0.9284403920173645 0.8939929604530334 0.9656488299369812 0.957359790802002
0.8211382031440735 0.8782608509063721 0.7709923386573792 0.9166350960731506
0.881602942943573 0.8432055711746216 0.9236640930175781 0.9387783408164978
0.8723809719085693 0.8707224130630493 0.8740457892417908 0.9489176273345947
0.8950276374816895 0.8647686839103699 0.927480936050415 0.9370593428611755
0.9126213788986206 0.9288537502288818 0.8969465494155884 0.9533826112747192
0.8921389579772949 0.8561403751373291 0.9312977194786072 0.9256744980812073
0.8994515538215637 0.8631578683853149 0.9389312863349915 0.9470747709274292
0.8956356644630432 0.8905660510063171 0.9007633328437805 0.9428209066390991
0.8789571523666382 0.8581818342208862 0.9007633328437805 0.9473150968551636
0.8377823233604431 0.9066666960716248 0.7786259651184082 0.9409781098365784
0.8620689511299133 0.8653846383094788 0.8587786555290222 0.9315235018730164
0.9069767594337463 0.9212598204612732 0.8931297659873962 0.9523338079452515
0.8536585569381714 0.9130434989929199 0.8015267252922058 0.9332352876663208
0.8953068852424622 0.8493150472640991 0.9465649127960205 0.9263226985931396
0.9067164063453674 0.8868613243103027 0.927480936050415 0.9549851417541504
0.8828125 0.9039999842643738 0.8625954389572144 0.9454140067100525
0.8104838728904724 0.8589743375778198 0.767175555229187 0.9185070991516113
0.898876428604126 0.8823529481887817 0.9160305261611938 0.94610595703125
0.8616600632667542 0.8934426307678223 0.8320610523223877 0.9353111982345581
0.8638132214546204 0.8809523582458496 0.847328245639801 0.9313560128211975
0.9087523221969604 0.8872727155685425 0.9312977194786072 0.945341169834137
0.8650793433189392 0.9008264541625977 0.8320610523223877 0.9380572438240051
0.8868613243103027 0.8496503233909607 0.927480936050415 0.9327473044395447
0.8512241244316101 0.8401486873626709 0.8625954389572144 0.9323683977127075
0.8738229870796204 0.8624535202980042 0.885496199131012 0.9368044137954712
0.8888888955116272 0.9256198406219482 0.8549618124961853 0.9573305249214172
0.9447852969169617 0.9413203001022339 0.9482758641242981 0.9603514671325684 
0.883809506893158 0.8821292519569397 0.885496199131012 0.949485719203949
0.9087523221969604 0.8872727155685425 0.9312977194786072 0.9484150409698486
0.8936170339584351 0.9058823585510254 0.8816794157028198 0.962087094783783
0.8892857432365417 0.8355704545974731 0.9503816962242126 0.9556989669799805
0.9120879173278809 0.8767605423927307 0.9503816962242126 0.959457516670227
0.8871287107467651 0.9218106865882874 0.8549618124961853 0.9528144598007202
0.8606060743331909 0.9141631126403809 0.8129770755767822 0.9523921012878418
0.8984962701797485 0.885185182094574 0.9122137427330017 0.9437606334686279
0.890625 0.9120000004768372 0.8702290058135986 0.9563618302345276
0.8853754997253418 0.9180327653884888 0.8549618124961853 0.94890296459198
0.8571428656578064 0.9063829779624939 0.8129770755767822 0.9459749460220337
0.8458333611488342 0.9311926364898682 0.7748091816902161 0.9480946063995361
0.8176100850105286 0.9069767594337463 0.7442747950553894 0.9425659775733948
0.8669201731681824 0.8636363744735718 0.8702290058135986 0.9367315769195557
0.8697394728660583 0.9156118035316467 0.8282442688941956 0.9569737315177917
0.8429751992225647 0.9189189076423645 0.7786259651184082 0.9475408792495728
0.9018868207931519 0.891791045665741 0.9122137427330017 0.945486843585968
0.8815534114837646 0.8972331881523132 0.8664122223854065 0.9428499937057495
0.8788501024246216 0.9511111378669739 0.8167939186096191 0.960870623588562
0.8776699304580688 0.8932806253433228 0.8625954389572144 0.9475263953208923
0.8393574357032776 0.8855932354927063 0.7977099418640137 0.9437533020973206
0.9225092530250549 0.8928571343421936 0.9541984796524048 0.9535284042358398
0.8621359467506409 0.8774703741073608 0.847328245639801 0.9260751008987427
0.8820115923881531 0.8941176533699036 0.8702290058135986 0.9540018439292908
0.89682537317276 0.93388432264328 0.8625954389572144 0.9580007195472717
0.8780487775802612 0.8634686470031738 0.8931297659873962 0.940155029296875
0.8431771993637085 0.903930127620697 0.7900763154029846 0.9422236084938049
0.8447204828262329 0.9230769276618958 0.7786259651184082 0.9451007843017578
0.9174311757087708 0.8833922147750854 0.9541984796524048 0.949558675289154
0.8953068852424622 0.8493150472640991 0.9465649127960205 0.9562963247299194
0.9025270938873291 0.8561643958091736 0.9541984796524048 0.9351145625114441
0.8956356644630432 0.8905660510063171 0.9007633328437805 0.9616936445236206
0.9047619104385376 0.8697183132171631 0.9427480697631836 0.9462444186210632
0.9067641496658325 0.8701754212379456 0.9465649127960205 0.9505200386047363
0.9193245768547058 0.9040590524673462 0.9351145029067993 0.9675280451774597
0.9151291251182556 0.8857142925262451 0.9465649127960205 0.9593045115470886
0.8962817788124084 0.9196786880493164 0.8740457892417908 0.956339955329895
0.8588709831237793 0.9102563858032227 0.8129770755767822 0.9457563161849976
0.8927202820777893 0.8961538672447205 0.8893129825592041 0.9503962397575378
0.8909090757369995 0.8506944179534912 0.9351145029067993 0.9510955214500427
0.8792452812194824 0.8694030046463013 0.8893129825592041 0.9445035457611084
0.848126232624054 0.8775510191917419 0.8206107020378113 0.9326744079589844
0.8816794157028198 0.8816794157028198 0.8816794157028198 0.9518676996231079
0.8781431317329407 0.8901960849761963 0.8664122223854065 0.9495075941085815
0.904483437538147 0.9243028163909912 0.885496199131012 0.9487792253494263
0.8651911616325378 0.914893627166748 0.8206107020378113 0.948087215423584
0.8846153616905212 0.8914728760719299 0.8778625726699829 0.9410581588745117
0.8358209133148193 0.9468598961830139 0.7480915784835815 0.9605792760848999
0.88416987657547 0.89453125 0.8740457892417908 0.9486626386642456
0.8999999761581421 0.8456375598907471 0.9618320465087891 0.9375035762786865
0.8609523773193359 0.8593155741691589 0.8625954389572144 0.938188374042511
0.8606060743331909 0.9141631126403809 0.8129770755767822 0.9551891088485718
0.875239908695221 0.8803088665008545 0.8702290058135986 0.9380863904953003
0.883809506893158 0.8821292519569397 0.885496199131012 0.93875652551651
0.9171483516693115 0.9260700345039368 0.9083969593048096 0.9614606499671936
0.8571428656578064 0.8671875 0.847328245639801 0.9346994161605835
0.8764045238494873 0.8602941036224365 0.8931297659873962 0.9422819018363953
0.8835341334342957 0.9322034120559692 0.8396946787834167 0.9544971585273743
0.8524590134620667 0.815330982208252 0.8931297659873962 0.9282238483428955
0.8776699304580688 0.8932806253433228 0.8625954389572144 0.9343132376670837
0.8629032373428345 0.9145299196243286 0.8167939186096191 0.9515835046768188
0.8704453706741333 0.9267241358757019 0.8206107020378113 0.9475117921829224
0.8715083599090576 0.8509091138839722 0.8931297659873962 0.9386180639266968
0.8759689927101135 0.8897637724876404 0.8625954389572144 0.9396232962608337
0.8693957328796387 0.8884462118148804 0.8511450290679932 0.9463901519775391
0.6952381134033203 0.9240506291389465 0.5572519302368164 0.9255578517913818
0.8218623399734497 0.875 0.7748091816902161 0.9221199154853821
0.8549906015396118 0.8438661694526672 0.8664122223854065 0.9253394603729248
0.8259109258651733 0.8793103694915771 0.7786259651184082 0.9297680854797363
0.9111111164093018 0.8848921060562134 0.9389312863349915 0.9395140409469604
0.8725868463516235 0.8828125 0.8625954389572144 0.9267306327819824
0.8759398460388184 0.8629629611968994 0.8893129825592041 0.9423037767410278
0.8553971648216248 0.9170305728912354 0.8015267252922058 0.9449915289878845
0.9013035297393799 0.8799999952316284 0.9236640930175781 0.9497917890548706
0.8961748480796814 0.8571428656578064 0.9389312863349915 0.9545481204986572
0.9001814723014832 0.858131468296051 0.9465649127960205 0.9489977359771729
0.7276995182037354 0.9451219439506531 0.5916030406951904 0.9411746859550476
0.8653846383094788 0.8720930218696594 0.8587786555290222 0.9401258826255798
0.8916967511177063 0.8458904027938843 0.9427480697631836 0.9579497575759888
0.8798449635505676 0.8937007784843445 0.8664122223854065 0.9493473768234253
0.8825757503509521 0.8759398460388184 0.8893129825592041 0.9418740272521973
0.8649706244468689 0.8875501751899719 0.8435114622116089 0.940016508102417
0.8458498120307922 0.8770492076873779 0.8167939186096191 0.9380208253860474
0.7346938848495483 0.9050279259681702 0.6183205842971802 0.9306421875953674
0.9280303120613098 0.9210526347160339 0.9351145029067993 0.9593919515609741
0.8792079091072083 0.9135802388191223 0.847328245639801 0.953368067741394
0.8666666746139526 0.8911290168762207 0.8435114622116089 0.9422819018363953
