0.7357142567634583 0.6627345681190491 0.8267558813095093 0.7231826782226562 
0.7193798422813416 0.6705202460289001 0.7759197354316711 0.7265350818634033 
0.7396361231803894 0.6673842668533325 0.829431414604187 0.7264417409896851 
0.7174193263053894 0.5840336084365845 0.9297658801078796 0.6912558078765869 
0.7357142567634583 0.6627345681190491 0.8267558813095093 0.7281510829925537 
0.73826664686203 0.648129403591156 0.857525110244751 0.7264547348022461 
0.744158148765564 0.6739012598991394 0.8307692408561707 0.7390100359916687 
0.756479799747467 0.6884256601333618 0.8394649028778076 0.7556570768356323 
0.7387815713882446 0.6647058725357056 0.8314381241798401 0.7312672138214111 
0.7433628439903259 0.683501660823822 0.8147157430648804 0.7396376132965088 
0.7525175213813782 0.691919207572937 0.8247491717338562 0.7418534755706787 
0.7582619190216064 0.6988155841827393 0.8287625312805176 0.7448748350143433 
0.6354391574859619 0.5891428589820862 0.6896321177482605 0.6125741004943848 
0.7235326170921326 0.6132031679153442 0.8822742700576782 0.6829519271850586 
0.7588075995445251 0.6900328397750854 0.8428093791007996 0.7567801475524902 
0.7513546347618103 0.6830870509147644 0.834782600402832 0.7543392181396484 
0.754647970199585 0.693169116973877 0.8280936479568481 0.7552350163459778 
0.7509857416152954 0.6870144009590149 0.8280936479568481 0.7455668449401855 
0.7498486042022705 0.6851134300231934 0.8280936479568481 0.7450941205024719 
0.7567237019538879 0.6966797709465027 0.8280936479568481 0.7540479898452759 
0.7489464282989502 0.6808976531028748 0.8321070075035095 0.7587112188339233 
0.7518203854560852 0.6879511475563049 0.8287625312805176 0.7415447235107422 
0.7274713516235352 0.6146746873855591 0.8909698724746704 0.6696815490722656 
0.773784339427948 0.7053964734077454 0.8568561673164368 0.77232825756073 
0.7556629180908203 0.6888766288757324 0.8367893099784851 0.7527145743370056 
0.7618176341056824 0.7001121044158936 0.8354514837265015 0.7695522308349609 
0.7602056264877319 0.693708598613739 0.8408026695251465 0.7655943036079407 
0.7614734172821045 0.6940010786056519 0.843478262424469 0.7551085352897644 
0.7636028528213501 0.7064846158027649 0.8307692408561707 0.7659276723861694 
0.7584097981452942 0.6985915303230286 0.829431414604187 0.7613628506660461 
0.7431602478027344 0.6377575397491455 0.890300989151001 0.7179490327835083 
0.7580312490463257 0.6775553226470947 0.8602006435394287 0.7470543384552002 
0.7612351179122925 0.7010135054588318 0.832775890827179 0.7701743841171265 
0.7650638818740845 0.7018425464630127 0.8408026695251465 0.7682681083679199 
0.7549588084220886 0.6941638588905334 0.8274247646331787 0.7621903419494629 
0.7610082030296326 0.6968854069709778 0.838127076625824 0.7684593796730042 
0.7586206793785095 0.6924351453781128 0.8387959599494934 0.7641554474830627 
0.7530139088630676 0.699999988079071 0.8147157430648804 0.7498408555984497 
0.7521020770072937 0.663766622543335 0.8675585389137268 0.7526175379753113 
0.7593647241592407 0.6878393292427063 0.8474916219711304 0.7574703097343445 
0.7565429210662842 0.6940256953239441 0.8314381241798401 0.7586476802825928 
0.7595628499984741 0.6953863501548767 0.8367893099784851 0.7560280561447144 
0.7567732334136963 0.694413423538208 0.8314381241798401 0.7535476684570312 
0.7513812184333801 0.6942711472511292 0.8187291026115417 0.7475234270095825 
0.7467057108879089 0.6640625 0.8528428077697754 0.7410839200019836 
0.7550535202026367 0.6795077323913574 0.8494983315467834 0.75563645362854 
0.7522658705711365 0.6859503984451294 0.832775890827179 0.7560411691665649 
0.7510548233985901 0.6834887266159058 0.8334448337554932 0.751323401927948 
0.7555168271064758 0.6675218343734741 0.8702341318130493 0.751261830329895 
0.7546827793121338 0.6881542801856995 0.8354514837265015 0.7575074434280396 
0.7511284947395325 0.6827133297920227 0.834782600402832 0.7511255741119385 
0.755003035068512 0.6905158162117004 0.832775890827179 0.7527231574058533 
0.7575296759605408 0.6947544813156128 0.832775890827179 0.7644183039665222 
0.7463312149047852 0.6757050156593323 0.8334448337554932 0.7521593570709229 
0.7518028616905212 0.6824877262115479 0.8367893099784851 0.7354942560195923 
0.7586832046508789 0.691629946231842 0.840133786201477 0.7499625086784363 
0.7600120306015015 0.691128134727478 0.8441471457481384 0.7519501447677612 
0.7549227476119995 0.6899224519729614 0.8334448337554932 0.7516872882843018 
0.7579771280288696 0.6891078352928162 0.8421404957771301 0.753526508808136 
0.7508245706558228 0.6804347634315491 0.8374581933021545 0.7362099289894104 
0.7588270306587219 0.686518669128418 0.8481605648994446 0.7505926489830017 
0.7560241222381592 0.6876712441444397 0.8394649028778076 0.7308387756347656 
0.7486371994018555 0.6840066313743591 0.8267558813095093 0.7483473420143127 
0.7543379068374634 0.6921787858009338 0.8287625312805176 0.752007007598877 
0.7508939504623413 0.6770553588867188 0.8428093791007996 0.744655191898346 
0.7439352869987488 0.6735357642173767 0.8307692408561707 0.7439470291137695 
0.7619915008544922 0.6976097822189331 0.8394649028778076 0.7480486631393433 
0.7577677369117737 0.69010990858078 0.840133786201477 0.7454969882965088 
