0.7893626093864441 0.740887463092804 0.8446251153945923 0.7967630624771118 
0.7949098348617554 0.7493003010749817 0.8464317917823792 0.8026021122932434 
0.7898596525192261 0.7366158366203308 0.8514001965522766 0.7866613268852234 
0.8041192889213562 0.765835702419281 0.8464317917823792 0.8187776207923889 
0.7942482829093933 0.7467196583747864 0.848238468170166 0.805142343044281 
0.8052170276641846 0.7645148038864136 0.8504968285560608 0.8292314410209656 
0.8096885681152344 0.7767634987831116 0.8455284833908081 0.8350566029548645 
0.8114558458328247 0.780793309211731 0.8446251153945923 0.8376157283782959 
0.8132202625274658 0.7840670943260193 0.8446251153945923 0.8389601707458496 
0.8120790719985962 0.7823356986045837 0.8441734313964844 0.8315185904502869 
0.8194566369056702 0.7957446575164795 0.8446251153945923 0.8432039022445679 
0.8208856582641602 0.8012903332710266 0.8414633870124817 0.82893967628479 
0.8274639844894409 0.811820924282074 0.8437217473983765 0.851906418800354 
0.8131915926933289 0.7824634909629822 0.8464317917823792 0.8301084041595459 
0.8191021084785461 0.798712432384491 0.8405600786209106 0.8393998146057129 
0.8155935406684875 0.7916666865348816 0.8410117626190186 0.8413560390472412 
0.8212729096412659 0.7935972809791565 0.8509485125541687 0.8373068571090698 
0.820400059223175 0.7991434931755066 0.8428184390068054 0.8508091568946838 
0.8222858309745789 0.8023205995559692 0.8432701230049133 0.8452255725860596 
0.8275409936904907 0.8017789125442505 0.8550135493278503 0.8601489067077637 
0.8322736024856567 0.8086919188499451 0.8572719097137451 0.8527183532714844 
0.8191395998001099 0.7967548966407776 0.8428184390068054 0.8515137434005737 
0.8189183473587036 0.7947301268577576 0.8446251153945923 0.8388542532920837 
0.8457561135292053 0.8084843754768372 0.8866305351257324 0.8567090630531311 
0.822104811668396 0.8019759654998779 0.8432701230049133 0.8478133678436279 
0.8256556987762451 0.8062849640846252 0.8459801077842712 0.8511909246444702 
0.8258092999458313 0.8057584762573242 0.8468834757804871 0.839184045791626 
0.8233990669250488 0.8081774711608887 0.8392050862312317 0.8488938212394714 
0.8506884574890137 0.8122432231903076 0.8929539322853088 0.8534786701202393 
0.8227012753486633 0.801886796951294 0.8446251153945923 0.8500388860702515 
0.8460063934326172 0.8004837036132812 0.8970189690589905 0.8462671637535095 
0.8271363377571106 0.797484278678894 0.859078586101532 0.8541285991668701 
0.8223887085914612 0.8029260039329529 0.8428184390068054 0.8533542156219482 
0.823298454284668 0.796202540397644 0.8523035049438477 0.8504022359848022 
0.8513628840446472 0.8053988814353943 0.902890682220459 0.8537322282791138 
0.8232967257499695 0.8017979264259338 0.8459801077842712 0.8638565540313721 
0.847328245639801 0.798561155796051 0.9024389982223511 0.8540290594100952 
0.8268378973007202 0.8110339045524597 0.8432701230049133 0.8593292832374573 
0.8289880752563477 0.8114187121391296 0.847335159778595 0.8602993488311768 
0.8596000671386719 0.820270836353302 0.902890682220459 0.8662328124046326 
0.843414843082428 0.8031045794487 0.8879855275154114 0.8503679037094116 
0.8464016914367676 0.8070462942123413 0.8897922039031982 0.8588249683380127 
0.8458150029182434 0.7896592020988464 0.9105691313743591 0.8485596179962158 
0.850736677646637 0.806804358959198 0.8997290134429932 0.8544103503227234 
0.8498074412345886 0.8073170781135559 0.8970189690589905 0.8522913455963135 
0.8519624471664429 0.8071948289871216 0.9019873738288879 0.8613895177841187 
0.8504652380943298 0.8163689374923706 0.8875339031219482 0.8576571941375732 
0.842954158782959 0.7950360178947449 0.8970189690589905 0.8597455620765686 
0.8449333906173706 0.7946677207946777 0.9019873738288879 0.8539370894432068 
0.842921793460846 0.8059332370758057 0.8834688067436218 0.8578311800956726 
0.8556832671165466 0.8091787695884705 0.9078590869903564 0.8677898049354553 
0.8456404805183411 0.8078979849815369 0.8870822191238403 0.852877140045166 
0.8483158349990845 0.8079280853271484 0.8929539322853088 0.8576436042785645 
0.8410581946372986 0.7913181781768799 0.8974706530570984 0.8582594990730286 
0.8492333889007568 0.8033843636512756 0.9006323218345642 0.8544319272041321 
0.8505110740661621 0.8045930862426758 0.9019873738288879 0.8639249801635742 
0.8499680757522583 0.8036217093467712 0.9019873738288879 0.8537323474884033 
0.8528784513473511 0.8077544569969177 0.9033423662185669 0.8611702919006348 
0.8476150035858154 0.7955626249313354 0.9069557189941406 0.8555787801742554 
0.8453252911567688 0.8080725073814392 0.8861788511276245 0.8594348430633545 
0.8514724969863892 0.8070388436317444 0.9010840058326721 0.8618301153182983 
0.8297919034957886 0.8056146502494812 0.8554652333259583 0.8577412366867065 
0.847895085811615 0.7974532246589661 0.9051490426063538 0.8512023091316223 
0.8512006998062134 0.8102040886878967 0.8965672850608826 0.8544214963912964 
0.852746307849884 0.8093306422233582 0.9010840058326721 0.858390212059021 
0.8523332476615906 0.8067769408226013 0.9033423662185669 0.8612209558486938 
0.8516623973846436 0.8062953948974609 0.9024389982223511 0.8566777110099792 
0.8472312092781067 0.8100535869598389 0.8879855275154114 0.8627989888191223 
0.8492281436920166 0.7984095215797424 0.9069557189941406 0.8553711175918579 
0.849012553691864 0.8012024164199829 0.902890682220459 0.8595895767211914 
0.8501697778701782 0.8018414974212646 0.9046973586082458 0.8600503206253052 
0.8487575054168701 0.8072534799575806 0.8947606086730957 0.8615677356719971 
0.8436703681945801 0.7963111400604248 0.8970189690589905 0.8496410250663757 
0.8496143817901611 0.8080684542655945 0.8956639766693115 0.8611545562744141 
0.8507114052772522 0.8028056025505066 0.9046973586082458 0.8624753952026367 
0.8568983674049377 0.8138967752456665 0.9046973586082458 0.8613945245742798 
0.8558000326156616 0.8119173049926758 0.9046973586082458 0.8642845153808594 
0.8547044992446899 0.8099474310874939 0.9046973586082458 0.8643348217010498 
0.8485878109931946 0.8008015751838684 0.9024389982223511 0.8526343703269958 
0.8507018089294434 0.8038585186004639 0.9033423662185669 0.8621999025344849 
