0.8398058414459229 0.8917526006698608 0.7935779690742493 0.9325814843177795 
0.8376470804214478 0.8599033951759338 0.8165137767791748 0.9076992869377136 
0.8662131428718567 0.8565022349357605 0.8761467933654785 0.9511825442314148 
0.8376068472862244 0.7839999794960022 0.8990825414657593 0.894221842288971 
0.8699763417243958 0.8975609540939331 0.8440366983413696 0.9587787389755249 
0.8963963985443115 0.8805309534072876 0.9128440618515015 0.9622296094894409 
0.752043604850769 0.926174521446228 0.6330274939537048 0.9493729472160339 
0.8767123222351074 0.8727272748947144 0.8807339668273926 0.9305824041366577 
0.8951048851013184 0.9099525809288025 0.8807339668273926 0.9619350433349609 
0.8904761672019958 0.9257425665855408 0.857798159122467 0.9752546548843384 
0.8939051628112793 0.8799999952316284 0.9082568883895874 0.9560222625732422 
0.9247787594795227 0.8931623697280884 0.9587156176567078 0.9721193313598633 
0.9066058993339539 0.9004524946212769 0.9128440618515015 0.9603778719902039 
0.8828828930854797 0.8672566413879395 0.8990825414657593 0.9360112547874451 
0.8423645496368408 0.9095744490623474 0.7844036817550659 0.9442282319068909 
0.8614609837532043 0.9553072452545166 0.7844036817550659 0.9579370021820068 
0.9187934994697571 0.9295774698257446 0.9082568883895874 0.9665011763572693 
0.880382776260376 0.9200000166893005 0.8440366983413696 0.9637446403503418 
0.9050772786140442 0.8723404407501221 0.9403669834136963 0.9437126517295837 
0.9095127582550049 0.920187771320343 0.8990825414657593 0.9622927904129028 
0.8743961453437805 0.9234693646430969 0.8302752375602722 0.967868983745575 
0.9254385828971863 0.8865545988082886 0.9678899049758911 0.9491836428642273 
0.9032257795333862 0.9074074029922485 0.8990825414657593 0.9719089269638062 
0.9719745516777039 0.9543464779853821 0.9902660846710205 0.9877991676330566 
0.9767737984657288 0.9581772685050964 0.9961064457893372 0.9887569546699524 
0.9796577095985413 0.9749357104301453 0.9844257235527039 0.9846677184104919 
0.9588179588317871 0.9298780560493469 0.989617109298706 0.9878005385398865 
0.9810593724250793 0.9707750678062439 0.9915639162063599 0.9941059350967407 
0.9745898842811584 0.9661989808082581 0.9831278324127197 0.9837328195571899 
0.9790929555892944 0.9706632494926453 0.987670361995697 0.9875936508178711 
0.9705505967140198 0.9576752781867981 0.9837767481803894 0.9940284490585327 
0.9770261645317078 0.9610797166824341 0.9935107231140137 0.9951756000518799 
0.9824000000953674 0.9690656661987305 0.9961064457893372 0.9936195015907288 
0.9842696785926819 0.9739516973495483 0.994808554649353 0.9957447648048401 
0.9817366003990173 0.9696202278137207 0.9941596388816833 0.9970308542251587 
0.9454545378684998 0.9144936203956604 0.9785853624343872 0.9914205074310303 
0.9814221858978271 0.9690069556236267 0.9941596388816833 0.9956469535827637 
0.9826478362083435 0.9732654094696045 0.9922128319740295 0.9931442737579346 
0.9798914790153503 0.964195966720581 0.9961064457893372 0.9951035380363464 
0.9848436117172241 0.9788461327552795 0.9909150004386902 0.9943044781684875 
0.984466016292572 0.9819238185882568 0.9870213866233826 0.9965901374816895 
0.9783381819725037 0.9748711585998535 0.9818300008773804 0.9928591847419739 
0.9792265892028809 0.9647355079650879 0.9941596388816833 0.9958028793334961 
0.9591008424758911 0.9241877198219299 0.9967553615570068 0.9915940165519714 
0.9710283279418945 0.953125 0.989617109298706 0.9953601956367493 
0.981993556022644 0.9732313752174377 0.9909150004386902 0.9939613342285156 
0.9778645634651184 0.9810581207275391 0.9746917486190796 0.9944583177566528 
0.9651545286178589 0.9780146479606628 0.9526281356811523 0.9929963946342468 
0.9779341220855713 0.9640605449676514 0.9922128319740295 0.9937915802001953 
0.9802043437957764 0.9648020267486572 0.9961064457893372 0.9912697076797485 
0.9817014336585999 0.9714103937149048 0.9922128319740295 0.9957311153411865 
0.9706735610961914 0.9641485214233398 0.9772874712944031 0.9945186972618103 
0.968427836894989 0.9616122841835022 0.9753406643867493 0.9905683398246765 
0.9825356006622314 0.9793681502342224 0.9857235550880432 0.9922381639480591 
0.9776915907859802 0.9742268323898315 0.9811810255050659 0.9920711517333984 
0.9806700944900513 0.973768413066864 0.987670361995697 0.9934327006340027 
0.9776358008384705 0.9628697037696838 0.992861807346344 0.9967118501663208 
0.9741407632827759 0.9828269481658936 0.9656067490577698 0.9953434467315674 
0.9845659136772156 0.975780725479126 0.9935107231140137 0.9962214827537537 
0.9864516258239746 0.9807568788528442 0.9922128319740295 0.9966331720352173 
0.9788597226142883 0.9664769172668457 0.9915639162063599 0.9959193468093872 
0.9877419471740723 0.982039749622345 0.9935107231140137 0.996984601020813 
0.9854698181152344 0.980719804763794 0.9902660846710205 0.997613787651062 
0.9657124876976013 0.937118411064148 0.9961064457893372 0.9950910210609436 
0.9809983968734741 0.9737851619720459 0.9883192777633667 0.993290901184082 
0.9837872982025146 0.9831497073173523 0.9844257235527039 0.9954797625541687 
0.9774339199066162 0.9711723327636719 0.9837767481803894 0.9963493347167969 
0.9802396893501282 0.9786545634269714 0.9818300008773804 0.99490886926651 
0.9863901734352112 0.985113263130188 0.987670361995697 0.9977309107780457 
0.9822638034820557 0.9762820601463318 0.9883192777633667 0.9929471015930176 
0.9842797517776489 0.9733502268791199 0.9954574704170227 0.9945101737976074 
0.9819819927215576 0.9738353490829468 0.9902660846710205 0.9955934882164001 
0.9845758080482483 0.9751750230789185 0.9941596388816833 0.9957278966903687 
0.9883419871330261 0.9864253401756287 0.9902660846710205 0.9969733357429504 
0.9787096977233887 0.9730596542358398 0.9844257235527039 0.9955882430076599 
0.9673374891281128 0.9838926196098328 0.951330304145813 0.9957908391952515 
0.981794536113739 0.9837133288383484 0.9798831939697266 0.9946144819259644 
0.9834898114204407 0.9812661409378052 0.9857235550880432 0.9951943755149841 
0.9767140746116638 0.9735654592514038 0.9798831939697266 0.9918500781059265 
0.9861602783203125 0.9782886505126953 0.9941596388816833 0.9962055683135986 
0.9083304405212402 0.9811747074127197 0.8455548286437988 0.989770770072937 
0.9797232151031494 0.9719029664993286 0.987670361995697 0.9946142435073853 
0.9785016179084778 0.9823414087295532 0.9746917486190796 0.9970826506614685 
0.9851517081260681 0.9800899028778076 0.9902660846710205 0.9971147775650024 
0.9877656102180481 0.980191707611084 0.9954574704170227 0.9958921670913696 
0.9868209362030029 0.977707028388977 0.9961064457893372 0.9980473518371582 
0.9877419471740723 0.982039749622345 0.9935107231140137 0.9954386949539185 
